3 0.559182 0.410137 0.005030 0.045342
0 0.405803 0.535376 0.005556 0.033387
0 0.496607 0.534813 0.005239 0.033389
0 0.477319 0.555573 0.030557 0.005673
0 0.459453 0.469812 0.008873 0.038141
0 0.439591 0.445125 0.030026 0.008495
0 0.362835 0.445296 0.026046 0.008894
0 0.683077 0.491933 0.030028 0.006328
0 0.690359 0.445487 0.030028 0.006328
0 0.741462 0.445544 0.027057 0.006328
0 0.305288 0.346951 0.005571 0.029359
1 0.346157 0.327452 0.025251 0.008381
1 0.402038 0.327272 0.017606 0.004658
1 0.427109 0.327908 0.031003 0.006767
1 0.482234 0.327081 0.037906 0.006784
1 0.596684 0.327338 0.036753 0.008210
1 0.678982 0.327194 0.031408 0.007871
1 0.654101 0.327486 0.017617 0.007611
1 0.742133 0.327704 0.026799 0.007175
1 0.868064 0.466665 0.009190 0.039761
1 0.867493 0.534350 0.009193 0.039761
1 0.814858 0.666135 0.031780 0.008039
1 0.782519 0.665915 0.031780 0.008039
1 0.726634 0.665490 0.025659 0.008039
1 0.610085 0.680721 0.026051 0.008039
1 0.583668 0.680721 0.026041 0.008039
1 0.700800 0.665912 0.024503 0.008883
1 0.504627 0.679875 0.026051 0.008039
1 0.478215 0.679450 0.026051 0.008039
1 0.411615 0.665914 0.033701 0.008042
1 0.358790 0.665698 0.033701 0.007623
1 0.306352 0.664638 0.033704 0.007212
1 0.273428 0.665074 0.032180 0.008050
1 0.213148 0.534984 0.008060 0.038070
1 0.213269 0.466585 0.006580 0.037526
1 0.261573 0.327707 0.033335 0.007871
0 0.617395 0.468341 0.009641 0.038404
1 0.825165 0.327065 0.036696 0.006765
