1 0.168619 0.246564 0.020172 0.007494
1 0.211147 0.246710 0.015556 0.007491
1 0.255885 0.246636 0.029539 0.007355
1 0.296484 0.245353 0.023514 0.005074
1 0.367405 0.246209 0.021206 0.006499
1 0.426009 0.246782 0.019533 0.006494
1 0.470669 0.246710 0.019692 0.007491
1 0.523392 0.246995 0.029461 0.007491
1 0.572653 0.246710 0.019781 0.007491
1 0.608054 0.246853 0.015250 0.007491
1 0.652871 0.246710 0.029232 0.007491
1 0.685729 0.246710 0.021682 0.007491
1 0.756770 0.246568 0.023266 0.007491
1 0.795270 0.246710 0.029224 0.007491
1 0.842544 0.246710 0.015412 0.007491
1 0.882633 0.246853 0.019938 0.007491
1 0.860104 0.616844 0.038930 0.007491
1 0.812871 0.617272 0.029461 0.007491
1 0.742745 0.592045 0.029704 0.007494
1 0.695542 0.591903 0.029545 0.007494
1 0.654143 0.617414 0.020173 0.007491
1 0.625695 0.617414 0.020175 0.007491
1 0.573923 0.617272 0.038851 0.007491
1 0.536226 0.617272 0.020164 0.007491
1 0.504041 0.617414 0.020170 0.007491
1 0.466337 0.617129 0.039000 0.007491
1 0.426248 0.617272 0.020172 0.007491
1 0.398118 0.617557 0.020172 0.007491
1 0.356360 0.592188 0.029630 0.007494
1 0.307331 0.592045 0.029315 0.007494
1 0.238324 0.617414 0.029382 0.007491
1 0.191122 0.617051 0.038760 0.007078
1 0.143682 0.454803 0.003959 0.036574
1 0.143682 0.387527 0.004118 0.036291
0 0.192002 0.266025 0.003028 0.029501
0 0.221631 0.364581 0.016370 0.005844
0 0.266211 0.364793 0.018595 0.005413
0 0.412373 0.337229 0.021058 0.008666
0 0.548301 0.391499 0.003271 0.033421
0 0.617157 0.363925 0.016513 0.006870
0 0.660874 0.364818 0.018792 0.005086
0 0.770319 0.387172 0.004688 0.033922
0 0.830841 0.364823 0.015242 0.005074
0 0.782772 0.364054 0.017641 0.007127
0 0.853697 0.284621 0.002842 0.027566
0 0.796163 0.457273 0.002842 0.032147
0 0.772025 0.457660 0.002842 0.032144
0 0.595153 0.284108 0.002842 0.028820
0 0.380046 0.388697 0.005547 0.038284
0 0.405324 0.414876 0.020216 0.008389
0 0.314892 0.436461 0.002842 0.032147
0 0.654695 0.457546 0.002721 0.033746
0 0.630316 0.456662 0.002721 0.033746
1 0.907709 0.456435 0.004703 0.039518
1 0.907591 0.387386 0.004703 0.037771
3 0.707057 0.327664 0.006437 0.045738
2 0.756941 0.306129 0.022529 0.111009
2 0.721168 0.270157 0.048026 0.039971
2 0.331750 0.270165 0.048026 0.039971
2 0.296349 0.304356 0.022529 0.111009
0 0.282605 0.386950 0.005960 0.037389
0 0.290285 0.456217 0.017602 0.005844
0 0.267872 0.456217 0.018363 0.005844
0 0.673144 0.389166 0.005745 0.037859
3 0.346204 0.327516 0.006639 0.047204
