1 0.157773 0.482376 0.005485 0.052978
1 0.157746 0.406371 0.004760 0.036064
1 0.186878 0.293274 0.023433 0.008902
1 0.228522 0.293387 0.024013 0.008902
1 0.440951 0.293160 0.035110 0.008447
1 0.381602 0.291809 0.027083 0.004835
1 0.493286 0.293274 0.019493 0.008220
1 0.563520 0.293386 0.018476 0.007767
1 0.616149 0.293163 0.035256 0.008220
1 0.674841 0.292150 0.028247 0.005745
1 0.812586 0.292938 0.023729 0.008220
1 0.872080 0.292938 0.024463 0.008220
1 0.901130 0.405873 0.005175 0.037856
1 0.901136 0.481758 0.005175 0.054915
1 0.821862 0.623322 0.061812 0.008874
1 0.735497 0.657224 0.034818 0.008020
1 0.664324 0.657110 0.034955 0.008646
1 0.570954 0.623214 0.062049 0.008521
1 0.485622 0.623433 0.062049 0.008521
1 0.392177 0.657336 0.035768 0.008518
1 0.320936 0.657223 0.034585 0.007847
1 0.235088 0.623208 0.062049 0.008521
0 0.248586 0.418680 0.005399 0.030984
0 0.284457 0.406332 0.006861 0.036823
0 0.283632 0.503321 0.005548 0.033689
0 0.342759 0.509040 0.003514 0.033456
0 0.601032 0.414064 0.021757 0.006286
0 0.563945 0.414064 0.018106 0.005148
0 0.659139 0.438649 0.007004 0.037264
3 0.732938 0.375786 0.007881 0.043581
0 0.772142 0.410922 0.006861 0.037031
0 0.809016 0.420791 0.003643 0.028726
0 0.773021 0.503877 0.005539 0.034340
0 0.731335 0.529465 0.021738 0.006030
0 0.696440 0.503652 0.003939 0.034790
0 0.492773 0.413837 0.018541 0.005603
0 0.455474 0.413723 0.021879 0.005830
0 0.397365 0.439334 0.006714 0.037713
3 0.323849 0.375508 0.007601 0.044588
0 0.303255 0.293032 0.035362 0.008419
0 0.752302 0.293333 0.035563 0.008419
2 0.699037 0.316780 0.074857 0.040273
2 0.675094 0.371933 0.026582 0.070634
2 0.357880 0.316479 0.074857 0.040273
2 0.381529 0.371483 0.026580 0.070634
0 0.266405 0.382750 0.021324 0.006456
0 0.325236 0.529280 0.020806 0.005432
0 0.184122 0.327745 0.018846 0.004522
