1 0.872016 0.293756 0.023706 0.006516
1 0.812733 0.293185 0.024481 0.006906
1 0.757207 0.292776 0.025234 0.007679
1 0.675231 0.292207 0.026475 0.007281
1 0.616080 0.292784 0.033973 0.006906
1 0.563427 0.293168 0.018994 0.006906
1 0.493423 0.293552 0.019249 0.006906
1 0.441021 0.293168 0.034215 0.006906
0 0.772730 0.503968 0.005826 0.034386
0 0.696477 0.503969 0.003569 0.034389
0 0.731357 0.529693 0.020586 0.006769
0 0.659138 0.438440 0.007043 0.036999
0 0.601063 0.413794 0.020104 0.006030
0 0.564083 0.413794 0.017531 0.004778
0 0.492713 0.413786 0.017533 0.005290
0 0.455502 0.413808 0.020085 0.005375
0 0.397355 0.438422 0.006769 0.036468
0 0.284363 0.406399 0.006233 0.035836
0 0.266701 0.382608 0.020104 0.004750
0 0.248557 0.418447 0.004420 0.027383
0 0.184372 0.327759 0.017644 0.004551
0 0.772425 0.410936 0.006362 0.036035
1 0.901050 0.406495 0.004674 0.036783
1 0.900980 0.482173 0.004809 0.052423
1 0.821870 0.623393 0.061457 0.007594
1 0.735482 0.657008 0.034122 0.006735
1 0.664483 0.657210 0.034792 0.006342
1 0.570868 0.623292 0.060915 0.007790
1 0.485511 0.623177 0.060906 0.007594
1 0.392376 0.657110 0.033836 0.006542
1 0.321172 0.657210 0.033836 0.006342
1 0.234919 0.622966 0.061182 0.007594
1 0.157879 0.482078 0.004975 0.052625
1 0.157940 0.406286 0.004975 0.035722
1 0.186944 0.293515 0.023120 0.007167
1 0.228667 0.293407 0.022415 0.007167
1 0.298907 0.293407 0.024631 0.007167
1 0.381591 0.293302 0.026423 0.006115
2 0.702900 0.316654 0.082615 0.040589
2 0.674864 0.371687 0.026270 0.068800
3 0.732541 0.375542 0.007361 0.044713
0 0.342861 0.509115 0.003274 0.031940
0 0.283429 0.504437 0.005104 0.032196
0 0.325282 0.529764 0.020751 0.005319
3 0.323732 0.375114 0.007538 0.044994
2 0.381612 0.351048 0.026131 0.108979
2 0.341853 0.316381 0.053386 0.040213
0 0.808907 0.421244 0.002937 0.028581
0 0.786915 0.387429 0.020436 0.007338
