1 0.358725 0.665294 0.033105 0.008523
1 0.213572 0.466485 0.006907 0.036374
1 0.213571 0.534279 0.007318 0.036345
1 0.260907 0.328290 0.033317 0.008301
1 0.346015 0.327623 0.025587 0.007184
1 0.417630 0.327835 0.048156 0.008070
1 0.481829 0.327608 0.037993 0.007611
1 0.670667 0.327950 0.049149 0.008301
1 0.742275 0.327835 0.026206 0.008070
1 0.826777 0.327950 0.033126 0.008301
1 0.867012 0.466260 0.007529 0.037948
1 0.866795 0.534055 0.007498 0.037477
1 0.798646 0.665295 0.064199 0.008977
1 0.714139 0.665520 0.048344 0.008521
1 0.597318 0.680000 0.048749 0.008301
1 0.490667 0.679775 0.048757 0.008301
1 0.412145 0.665406 0.033936 0.008754
1 0.289546 0.665405 0.063384 0.008301
0 0.362690 0.445268 0.026077 0.008307
0 0.439470 0.445148 0.030294 0.008307
0 0.305482 0.346921 0.005280 0.028278
0 0.405636 0.535291 0.005081 0.032554
0 0.496453 0.535298 0.004875 0.033680
0 0.683256 0.491847 0.030067 0.006271
0 0.617537 0.468050 0.009549 0.039498
0 0.690263 0.445599 0.031081 0.007166
0 0.741346 0.445368 0.025999 0.008067
0 0.459583 0.470410 0.009340 0.037457
3 0.562481 0.408895 0.010761 0.046924
0 0.588988 0.327751 0.048777 0.008067
2 0.514920 0.350936 0.104021 0.040658
2 0.481629 0.406574 0.036990 0.071602
0 0.477370 0.555480 0.030263 0.006194
