2 0.756370 0.304468 0.022556 0.110801
1 0.143433 0.455713 0.004971 0.037554
1 0.143353 0.386762 0.004971 0.037554
1 0.168607 0.246722 0.020955 0.009179
1 0.210958 0.246720 0.016799 0.008891
1 0.265305 0.246152 0.011062 0.006043
1 0.250283 0.246137 0.019352 0.007155
1 0.296468 0.245144 0.023832 0.007152
1 0.426017 0.246422 0.020470 0.008010
1 0.470602 0.246291 0.020796 0.007155
1 0.528780 0.246576 0.018876 0.007155
1 0.513843 0.246864 0.010712 0.007155
1 0.572900 0.245995 0.020784 0.006015
1 0.608058 0.245717 0.016306 0.007152
1 0.647617 0.246291 0.019350 0.007155
1 0.662159 0.246291 0.009757 0.007155
1 0.756860 0.245144 0.023988 0.007152
1 0.842371 0.246864 0.015989 0.007155
1 0.882565 0.246864 0.020629 0.007155
1 0.907978 0.388049 0.004005 0.036103
1 0.907749 0.454715 0.004315 0.036112
1 0.869781 0.617690 0.019196 0.007158
1 0.850290 0.617831 0.019499 0.006300
1 0.817893 0.618244 0.018506 0.003877
1 0.803248 0.618391 0.010491 0.004148
1 0.749909 0.592531 0.014654 0.003877
1 0.735188 0.592393 0.014654 0.003583
1 0.702854 0.592745 0.014576 0.003455
1 0.688019 0.592747 0.014954 0.003452
1 0.795174 0.246284 0.028555 0.006594
1 0.503958 0.617786 0.020691 0.009735
1 0.535938 0.616947 0.020690 0.009732
1 0.625721 0.617732 0.020691 0.009735
1 0.654188 0.617732 0.020690 0.009735
1 0.573931 0.617339 0.039741 0.009735
1 0.466411 0.616548 0.039305 0.010519
1 0.426228 0.616555 0.020691 0.009735
1 0.397760 0.617339 0.020691 0.009735
1 0.356264 0.592202 0.030105 0.009735
1 0.307212 0.592202 0.030540 0.009735
1 0.238234 0.617339 0.030537 0.009735
1 0.191259 0.616947 0.040401 0.009732
2 0.724913 0.270134 0.040734 0.040063
3 0.707065 0.328067 0.006788 0.047526
0 0.690243 0.245898 0.028821 0.008945
0 0.830663 0.365026 0.015534 0.005302
0 0.782899 0.364039 0.018309 0.007269
0 0.770246 0.387078 0.006297 0.038786
0 0.771821 0.457655 0.003528 0.032808
0 0.796295 0.457325 0.003528 0.033144
0 0.630203 0.457490 0.003528 0.032808
0 0.654960 0.456826 0.003528 0.032808
0 0.673069 0.388897 0.006119 0.037429
0 0.616995 0.363868 0.016647 0.007953
0 0.660878 0.365034 0.018482 0.007953
0 0.548264 0.391391 0.003155 0.033466
0 0.405544 0.414571 0.020698 0.008292
0 0.380143 0.389562 0.006116 0.037124
3 0.346146 0.329237 0.007200 0.044404
2 0.296814 0.305043 0.022354 0.110029
2 0.328037 0.270254 0.040830 0.041762
0 0.362865 0.246400 0.029925 0.007281
0 0.282870 0.386575 0.006116 0.037124
0 0.314828 0.435946 0.003528 0.032497
0 0.290356 0.456498 0.018856 0.005983
0 0.268090 0.456495 0.018857 0.005983
0 0.412382 0.337533 0.020698 0.008292
0 0.266243 0.364866 0.018849 0.006642
0 0.221535 0.364534 0.016256 0.006964
0 0.191970 0.266291 0.003695 0.029846
0 0.853569 0.284843 0.003161 0.029800
