1 0.866288 0.499721 0.010214 0.031517
0 0.596016 0.373094 0.034957 0.005368
0 0.842361 0.517848 0.034957 0.004761
0 0.845049 0.477426 0.034957 0.004761
0 0.788036 0.517848 0.034957 0.004761
0 0.783734 0.477426 0.034957 0.004761
0 0.667014 0.517255 0.034957 0.004761
0 0.734249 0.517848 0.034957 0.004761
0 0.726447 0.476839 0.034957 0.004761
0 0.615917 0.470292 0.008605 0.039233
0 0.213566 0.407290 0.008607 0.039233
0 0.656964 0.444541 0.035362 0.006357
3 0.562183 0.409319 0.011924 0.047719
2 0.481157 0.405911 0.037459 0.070892
2 0.518370 0.350698 0.111065 0.040450
1 0.406661 0.328655 0.026895 0.010365
