0 0.530243 0.264360 0.003039 0.033253
2 0.244469 0.380438 0.039286 0.051405
2 0.232584 0.300887 0.017413 0.108837
2 0.254989 0.266230 0.027861 0.041816
3 0.269284 0.325463 0.005227 0.045282
4 0.957982 0.508056 0.006220 0.082104
3 0.531443 0.324260 0.004753 0.047893
1 0.131485 0.612035 0.012022 0.013130
0 0.269837 0.263523 0.002805 0.035496
0 0.131790 0.658010 0.015581 0.005416
0 0.155835 0.658010 0.015581 0.005416
0 0.157163 0.363198 0.014797 0.003706
1 0.120547 0.384944 0.005913 0.029661
0 0.180179 0.658267 0.014986 0.004903
0 0.132229 0.363213 0.015242 0.003506
0 0.204321 0.658495 0.015581 0.005416
0 0.211022 0.612186 0.015581 0.012343
0 0.977712 0.255657 0.003027 0.033327
0 0.490195 0.382700 0.015581 0.009031
0 0.980988 0.452942 0.015123 0.006653
0 0.967376 0.406829 0.015752 0.010453
0 0.954113 0.280895 0.004519 0.042662
0 0.910591 0.333111 0.016094 0.008355
0 0.887991 0.335509 0.016095 0.009484
0 0.181135 0.362895 0.014206 0.003800
0 0.209608 0.362395 0.015538 0.005792
0 0.207177 0.411619 0.014895 0.010981
0 0.294191 0.269627 0.003951 0.045468
0 0.308336 0.383566 0.015581 0.010291
0 0.505679 0.266532 0.004124 0.038441
