0 0.880496 0.587496 0.022171 0.003264
0 0.869362 0.618804 0.023396 0.003262
0 0.757296 0.532082 0.023044 0.005013
0 0.657842 0.603121 0.005826 0.026132
0 0.628920 0.584637 0.025844 0.005069
0 0.581389 0.585746 0.023396 0.003664
0 0.545264 0.585524 0.021284 0.002658
0 0.448539 0.128131 0.007083 0.028418
1 0.901831 0.603943 0.006288 0.021206
0 0.451687 0.562637 0.002256 0.023415
0 0.474558 0.563320 0.002247 0.023415
0 0.451618 0.520465 0.002552 0.023415
0 0.176561 0.565845 0.024104 0.004731
0 0.474135 0.520465 0.003495 0.023415
0 0.212453 0.565814 0.024104 0.006402
0 0.283679 0.532322 0.005567 0.029948
0 0.321888 0.514639 0.003717 0.023672
0 0.398659 0.601916 0.004975 0.029948
0 0.300824 0.620908 0.024104 0.005094
0 0.322774 0.654017 0.025019 0.004067
0 0.602680 0.718167 0.002367 0.023835
0 0.602589 0.643417 0.002145 0.024220
4 0.284529 0.692430 0.006751 0.058506
3 0.323832 0.557103 0.008859 0.033312
2 0.381812 0.537157 0.026573 0.071013
2 0.345776 0.515797 0.044291 0.029138
2 0.674140 0.541099 0.028176 0.079783
2 0.714903 0.515794 0.053753 0.030018
3 0.732821 0.557432 0.008657 0.033092
1 0.462994 0.499065 0.018950 0.006875
0 0.625458 0.639511 0.002386 0.022851
0 0.602672 0.681402 0.002423 0.023835
0 0.625245 0.719204 0.002367 0.023835
0 0.625495 0.677584 0.001757 0.023837
0 0.797291 0.718490 0.002386 0.023837
0 0.774080 0.719435 0.002978 0.023835
0 0.774293 0.694273 0.002996 0.022849
0 0.774182 0.639401 0.003292 0.023835
0 0.773849 0.602378 0.005086 0.026696
0 0.827270 0.618643 0.023396 0.002939
0 0.788441 0.587558 0.020048 0.002939
0 0.818716 0.587236 0.021563 0.002939
0 0.849018 0.587397 0.023396 0.002617
