1 0.420622 0.796070 0.034888 0.013372
1 0.524189 0.796298 0.034886 0.013372
1 0.593078 0.796298 0.034886 0.013372
1 0.634588 0.792832 0.034886 0.013372
1 0.752715 0.747517 0.013249 0.064373
1 0.753818 0.645750 0.013249 0.064373
1 0.752053 0.521450 0.013246 0.064376
1 0.752494 0.406062 0.013249 0.064376
1 0.752936 0.265419 0.013249 0.064373
1 0.296324 0.263438 0.013249 0.064373
1 0.296767 0.407548 0.013249 0.064373
1 0.296767 0.521944 0.013249 0.064373
1 0.296767 0.619504 0.013249 0.064373
0 0.498122 0.612590 0.010600 0.037637
0 0.497251 0.475395 0.010597 0.037637
0 0.550243 0.472918 0.010597 0.037637
0 0.498134 0.403092 0.010600 0.037637
0 0.550684 0.404577 0.010600 0.037637
0 0.497693 0.266906 0.010597 0.037637
0 0.550684 0.267895 0.010600 0.037637
0 0.550243 0.765594 0.010597 0.037637
0 0.496810 0.761626 0.010600 0.051491
0 0.610308 0.763117 0.006177 0.034655
0 0.609647 0.664818 0.004855 0.034162
0 0.583368 0.500405 0.030925 0.006431
0 0.475172 0.498173 0.030923 0.006431
0 0.636796 0.381796 0.030923 0.006431
0 0.572322 0.287705 0.030923 0.006431
0 0.475172 0.288198 0.030923 0.006431
0 0.411581 0.382292 0.030925 0.006431
0 0.583804 0.642779 0.030923 0.006431
0 0.412905 0.600191 0.030925 0.006431
1 0.398335 0.220849 0.026919 0.013369
1 0.432336 0.220849 0.026919 0.013369
1 0.523310 0.220848 0.037519 0.015356
1 0.633265 0.220110 0.025147 0.011890
2 0.368071 0.685141 0.133803 0.045066
2 0.414438 0.725229 0.041068 0.034222
2 0.321262 0.747785 0.041070 0.079230
2 0.361668 0.764872 0.041510 0.044076
