0 0.416675 0.636645 0.005745 0.039082
1 0.617361 0.786219 0.037417 0.007671
1 0.514059 0.786400 0.037417 0.008489
1 0.404093 0.787015 0.024098 0.010519
1 0.445310 0.786806 0.024098 0.009302
1 0.285491 0.517490 0.011856 0.065248
1 0.285769 0.639999 0.011853 0.065248
1 0.286080 0.743964 0.011856 0.065248
1 0.740900 0.618368 0.011856 0.065248
1 0.741838 0.515452 0.013732 0.065248
1 0.741211 0.400324 0.011853 0.065248
1 0.741523 0.259728 0.011856 0.065248
1 0.639484 0.215764 0.023676 0.010832
1 0.606354 0.214552 0.024603 0.011887
1 0.514887 0.214189 0.037059 0.011873
1 0.404611 0.214723 0.025552 0.009436
1 0.285458 0.260076 0.011856 0.065248
1 0.285320 0.400714 0.011856 0.065248
0 0.488457 0.747206 0.010341 0.042531
0 0.541891 0.755600 0.010341 0.051970
0 0.540742 0.607868 0.010341 0.039966
0 0.488277 0.470442 0.010341 0.039105
0 0.539977 0.470228 0.010341 0.038677
0 0.540742 0.398505 0.010341 0.039535
0 0.487894 0.401511 0.010338 0.038655
0 0.488277 0.261720 0.010341 0.038247
0 0.540360 0.262148 0.010338 0.039102
0 0.626913 0.377238 0.031024 0.007326
0 0.562576 0.283609 0.030262 0.008153
0 0.562184 0.493201 0.030264 0.007326
0 0.314026 0.671422 0.037916 0.007326
0 0.454574 0.495553 0.030252 0.007754
0 0.401727 0.377665 0.029489 0.007326
0 0.466830 0.283617 0.029487 0.007326
0 0.626909 0.594983 0.030264 0.007326
