1 0.659888 0.520881 0.010964 0.040097
0 0.727901 0.341853 0.003890 0.033628
0 0.744308 0.320169 0.025987 0.005617
1 0.709890 0.813148 0.041728 0.013386
1 0.808256 0.813367 0.041728 0.013389
1 0.857956 0.657514 0.010630 0.033588
1 0.858076 0.616848 0.010654 0.033588
1 0.182172 0.521672 0.011890 0.041150
1 0.858178 0.541731 0.010654 0.033588
1 0.858178 0.457804 0.010654 0.033588
1 0.858178 0.382166 0.010654 0.033588
1 0.858400 0.341488 0.010656 0.033585
1 0.808286 0.186334 0.043048 0.014002
1 0.709367 0.186458 0.043048 0.014002
1 0.659558 0.342431 0.011890 0.033085
1 0.659450 0.657213 0.011890 0.033088
1 0.379302 0.658205 0.011890 0.033088
1 0.379507 0.617323 0.011890 0.033088
1 0.379302 0.545970 0.011890 0.041518
1 0.379507 0.458259 0.011890 0.033088
1 0.379914 0.381946 0.011890 0.033088
1 0.379507 0.342550 0.011890 0.033088
1 0.329186 0.186590 0.043255 0.014512
1 0.231385 0.186458 0.043255 0.014512
1 0.180652 0.342550 0.011890 0.033088
1 0.180124 0.657791 0.011890 0.033088
1 0.231110 0.813034 0.043392 0.014243
1 0.329004 0.813357 0.042009 0.014028
0 0.348992 0.636803 0.026413 0.005996
0 0.265527 0.360779 0.026413 0.005993
0 0.247127 0.519452 0.009348 0.035109
0 0.249470 0.657597 0.004884 0.031884
0 0.249264 0.697857 0.004884 0.031881
0 0.265657 0.716326 0.025459 0.005348
0 0.744150 0.544606 0.029330 0.010159
0 0.792751 0.538921 0.003890 0.028259
0 0.792851 0.460001 0.003890 0.028259
0 0.727856 0.657718 0.003890 0.031728
0 0.744865 0.678783 0.025275 0.004972
0 0.743841 0.499395 0.028827 0.011744
