0 0.130220 0.429063 0.008486 0.057578
2 0.171763 0.671943 0.204541 0.140625
0 0.113169 0.817896 0.012783 0.066045
0 0.238862 0.862158 0.063877 0.026660
0 0.042856 0.589932 0.063877 0.026660
0 0.129155 0.545728 0.008486 0.057568
0 0.037012 0.490332 0.056445 0.009570
3 0.099346 0.427539 0.048047 0.055937
3 0.037705 0.520020 0.055879 0.050195
3 0.100425 0.545835 0.053779 0.055928
3 0.239888 0.821543 0.064541 0.058086
3 0.148096 0.819395 0.060254 0.062383
3 0.018481 0.822622 0.036963 0.055928
3 0.041284 0.629014 0.058838 0.055937
