3 0.627104 0.659863 0.101084 0.108984
3 0.636055 0.473433 0.107559 0.103252
3 0.749351 0.111680 0.074580 0.066680
3 0.624229 0.303853 0.106836 0.101104
0 0.838154 0.556934 0.093809 0.018164
0 0.565430 0.658110 0.021289 0.107607
0 0.634644 0.534531 0.110791 0.020254
1 0.066846 0.777979 0.022363 0.108691
1 0.066294 0.347544 0.031963 0.199229
0 0.624019 0.365659 0.107627 0.020244
3 0.102573 0.296318 0.064541 0.067402
1 0.747578 0.073633 0.107578 0.025781
3 0.120498 0.381294 0.097520 0.101104
1 0.068423 0.941719 0.031963 0.116563
3 0.838267 0.504980 0.090342 0.087480
3 0.096475 0.982197 0.062383 0.035098
3 0.102573 0.930552 0.063096 0.066689
3 0.112612 0.782837 0.083174 0.086768
