0 0.357686 0.200537 0.072402 0.021387
0 0.439717 0.428013 0.021348 0.105498
2 0.893569 0.524927 0.069307 0.129971
2 0.967046 0.533447 0.060732 0.147012
0 0.748633 0.678320 0.066016 0.011719
0 0.670347 0.459419 0.064971 0.010654
0 0.839736 0.292695 0.009590 0.058594
0 0.767295 0.267129 0.009590 0.058594
0 0.838672 0.092412 0.009590 0.058594
0 0.767822 0.114229 0.009590 0.058594
0 0.911118 0.796611 0.009580 0.058594
3 0.666533 0.494907 0.061660 0.055889
3 0.807769 0.293413 0.051670 0.057314
3 0.795977 0.266914 0.052383 0.057383
3 0.808145 0.093042 0.049492 0.056689
3 0.796338 0.114893 0.051660 0.057324
3 0.356074 0.238203 0.060195 0.058750
3 0.392603 0.958481 0.063135 0.058037
3 0.495151 0.963135 0.061650 0.061621
3 0.883076 0.799673 0.044473 0.050186
3 0.960898 0.725459 0.063789 0.055215
3 0.749004 0.644448 0.063125 0.055244
3 0.665459 0.641548 0.056641 0.059482
3 0.479741 0.641221 0.056650 0.061699
3 0.410562 0.459814 0.038701 0.038770
3 0.400151 0.410312 0.056650 0.060234
0 0.961704 0.686865 0.061748 0.020215
0 0.630933 0.638936 0.009580 0.058594
0 0.446626 0.641064 0.009580 0.058594
0 0.528657 0.960674 0.009580 0.058594
0 0.392803 0.921240 0.072402 0.020215
