1 0.195669 0.499600 0.024561 0.160000
3 0.232002 0.532227 0.065254 0.064531
3 0.233794 0.465508 0.065967 0.068906
3 0.800981 0.133550 0.088916 0.084619
3 0.560410 0.516812 0.102539 0.106846
3 0.792017 0.387744 0.108271 0.103965
3 0.848306 0.652334 0.093213 0.086758
3 0.233076 0.742290 0.063105 0.067471
3 0.233076 0.809727 0.063105 0.068828
3 0.560767 0.728696 0.103252 0.106123
3 0.693784 0.943584 0.121182 0.112832
1 0.802559 0.087324 0.117227 0.024570
1 0.195352 0.776133 0.022676 0.160000
0 0.620215 0.729512 0.017578 0.111484
0 0.850771 0.601016 0.095684 0.018262
0 0.790903 0.446338 0.110186 0.018262
0 0.619917 0.518501 0.018896 0.110869
