0 0.846660 0.824932 0.111855 0.013848
0 0.963550 0.824922 0.072900 0.015977
3 0.847725 0.885122 0.107598 0.104404
3 0.964888 0.884048 0.070225 0.104404
0 0.560615 0.511182 0.100137 0.019180
0 0.834976 0.511172 0.111885 0.019180
3 0.560615 0.457329 0.095879 0.086396
3 0.834961 0.453647 0.105469 0.103447
3 0.863174 0.586284 0.123613 0.121572
0 0.937749 0.587354 0.036221 0.126777
1 0.235151 0.109014 0.122510 0.028770
4 0.241543 0.136699 0.101211 0.050039
4 0.496162 0.128721 0.073516 0.040488
1 0.495093 0.105283 0.096943 0.019180
1 0.772637 0.107373 0.180039 0.022363
4 0.769956 0.135112 0.162998 0.055400
0 0.381641 0.173999 0.021289 0.092686
3 0.327305 0.172402 0.089492 0.093750
1 0.080674 0.587358 0.022363 0.116123
1 0.080161 0.819058 0.022373 0.116123
4 0.110503 0.818003 0.054326 0.106533
2 0.976865 0.396128 0.046270 0.198154
4 0.110503 0.591616 0.050068 0.099072
