3 0.518804 0.610615 0.126787 0.141465
0 0.602983 0.506553 0.127822 0.026230
0 0.721895 0.587861 0.033398 0.136387
0 0.436870 0.609717 0.054385 0.148633
0 0.338071 0.713765 0.143564 0.041963
0 0.602988 0.989775 0.131328 0.020449
1 0.595117 0.041416 0.140059 0.036719
4 0.935205 0.886875 0.028027 0.064063
3 0.340645 0.796128 0.133437 0.130791
4 0.598208 0.074805 0.114775 0.057422
1 0.959888 0.159536 0.013330 0.074736
1 0.961211 0.354380 0.021348 0.120107
1 0.960547 0.892881 0.017344 0.073398
4 0.935854 0.160200 0.034697 0.076064
3 0.891162 0.361074 0.104004 0.122793
3 0.602246 0.437793 0.129492 0.118750
3 0.650273 0.585283 0.121445 0.122793
