3 0.799253 0.762549 0.085225 0.078945
3 0.714028 0.762549 0.083096 0.083203
3 0.423193 0.763594 0.078809 0.083242
3 0.506816 0.764683 0.082031 0.081064
3 0.876494 0.345518 0.103340 0.105469
3 0.029419 0.344453 0.058838 0.105469
3 0.971533 0.103101 0.056934 0.119424
3 0.045396 0.837656 0.090791 0.099180
3 0.276167 0.344438 0.104404 0.103311
3 0.254326 0.111675 0.120391 0.121455
1 0.754243 0.808184 0.185537 0.027969
1 0.465728 0.806465 0.185537 0.027969
1 0.211294 0.893896 0.127803 0.027969
1 0.050610 0.892148 0.101221 0.027969
0 0.215752 0.343057 0.017480 0.111914
0 0.065293 0.344834 0.017480 0.111914
0 0.331934 0.112261 0.033203 0.129385
0 0.927363 0.101772 0.033203 0.129385
0 0.936084 0.345693 0.019238 0.117168
3 0.217036 0.841387 0.094814 0.095996
