3 0.865513 0.401367 0.107549 0.099668
3 0.662573 0.541890 0.114697 0.121885
3 0.190391 0.771353 0.101055 0.106123
3 0.058115 0.899687 0.107559 0.101797
3 0.838271 0.680645 0.107559 0.099668
2 0.283091 0.139268 0.292979 0.136367
2 0.073750 0.343818 0.136367 0.208809
0 0.128618 0.769956 0.020244 0.110791
0 0.057241 0.838672 0.109736 0.018105
0 0.838140 0.620806 0.113994 0.017041
0 0.588330 0.541436 0.036230 0.131035
0 0.863706 0.464199 0.116123 0.025566
1 0.788042 0.059897 0.182119 0.024502
1 0.509507 0.060449 0.133076 0.024512
1 0.073174 0.053242 0.134805 0.012910
4 0.508423 0.089097 0.114736 0.055928
4 0.789150 0.088750 0.157031 0.052383
