1 0.824282 0.770649 0.327881 0.020986
3 0.720732 0.719512 0.105996 0.101074
3 0.826777 0.718320 0.093711 0.101074
3 0.929067 0.715850 0.105986 0.101074
3 0.665908 0.021416 0.107207 0.042832
3 0.433560 0.137144 0.115889 0.124541
3 0.129673 0.378745 0.104717 0.104814
3 0.371919 0.842803 0.081357 0.083848
3 0.289951 0.842803 0.080098 0.083848
1 0.331230 0.894541 0.177500 0.022188
3 0.015229 0.508135 0.030459 0.104824
0 0.016465 0.447100 0.032930 0.024648
0 0.068677 0.378071 0.019717 0.115869
0 0.862500 0.048354 0.101074 0.018525
3 0.860044 0.022607 0.091182 0.045215
0 0.664668 0.048950 0.112148 0.017256
1 0.019546 0.888984 0.039092 0.023398
