3 0.835039 0.710054 0.066680 0.065967
3 0.817471 0.795747 0.100391 0.101104
3 0.588730 0.499248 0.101816 0.107559
3 0.816035 0.142119 0.097520 0.101895
3 0.048062 0.109531 0.096123 0.099668
0 0.111978 0.666523 0.016670 0.098008
0 0.112017 0.894429 0.017568 0.095908
0 0.457651 0.570127 0.113545 0.018262
0 0.529478 0.498135 0.017998 0.110957
0 0.329541 0.418438 0.111035 0.018262
0 0.052407 0.418213 0.104561 0.018262
1 0.053931 0.055762 0.107861 0.025391
1 0.333652 0.056104 0.116289 0.024316
1 0.867788 0.174673 0.025889 0.194756
1 0.867183 0.761421 0.025889 0.194756
3 0.833965 0.228198 0.067402 0.065967
3 0.333823 0.100581 0.088193 0.083213
3 0.329878 0.359380 0.108994 0.103311
3 0.052002 0.359722 0.104004 0.102646
3 0.057759 0.665957 0.086768 0.096797
3 0.165317 0.894697 0.088193 0.092500
3 0.457515 0.628672 0.108994 0.106836
