4 0.070410 0.201455 0.037441 0.137285
0 0.890625 0.714697 0.143555 0.048926
0 0.283887 0.592261 0.031641 0.129346
0 0.568892 0.615835 0.049131 0.139814
0 0.404521 0.509175 0.126074 0.020986
2 0.670308 0.392891 0.164541 0.288516
2 0.858286 0.142837 0.229248 0.169619
1 0.413286 0.039062 0.136533 0.050195
1 0.046050 0.202290 0.049131 0.173115
3 0.407656 0.440625 0.128320 0.118906
3 0.482588 0.614395 0.128320 0.137422
3 0.349780 0.585063 0.122119 0.118896
3 0.894141 0.799839 0.139062 0.134053
4 0.407339 0.079248 0.112432 0.059277
