3 0.538540 0.589951 0.119033 0.121172
2 0.776270 0.364976 0.288086 0.293799
0 0.616328 0.593774 0.042031 0.124521
0 0.936763 0.591943 0.042041 0.124512
1 0.775972 0.077881 0.284775 0.025879
1 0.106016 0.278232 0.024648 0.197246
1 0.104790 0.670205 0.024658 0.118340
3 0.140576 0.226055 0.061660 0.067422
0 0.432080 0.693604 0.018652 0.109668
0 0.538057 0.508105 0.109824 0.019727
3 0.852246 0.131040 0.105410 0.101104
3 0.157788 0.311016 0.100381 0.102539
3 0.538540 0.449409 0.110420 0.103975
3 0.372183 0.693926 0.103252 0.109707
3 0.150259 0.669541 0.085322 0.089629
3 0.725688 0.157212 0.152021 0.146279
