1 0.383613 0.905635 0.173809 0.022188
1 0.701621 0.904448 0.239180 0.022178
1 0.959912 0.224038 0.028418 0.125752
1 0.959883 0.453296 0.028418 0.125752
3 0.410732 0.845239 0.109707 0.108467
3 0.641865 0.844048 0.109707 0.108467
3 0.090249 0.231382 0.117100 0.118330
0 0.015869 0.229565 0.031738 0.128174
3 0.754033 0.846514 0.109707 0.108477
3 0.262207 0.368247 0.109707 0.108467
0 0.263433 0.309653 0.115869 0.016025
1 0.013311 0.955024 0.026621 0.022686
4 0.932769 0.455767 0.051807 0.103545
4 0.932739 0.227686 0.051807 0.103535
3 0.484692 0.094556 0.092451 0.083838
0 0.485942 0.151304 0.102334 0.027119
0 0.293018 0.151265 0.110938 0.027119
3 0.291797 0.090264 0.107227 0.107285
