4 0.142998 0.240586 0.117188 0.117188
1 0.898926 0.571250 0.029688 0.131152
1 0.898071 0.831792 0.031475 0.187100
0 0.222227 0.906113 0.033223 0.115410
0 0.217852 0.586987 0.038477 0.131143
1 0.743931 0.183838 0.127998 0.030039
1 0.432402 0.183838 0.129316 0.032656
3 0.157915 0.905361 0.102275 0.106543
3 0.855718 0.789771 0.078838 0.084170
3 0.856782 0.873403 0.083096 0.080967
4 0.869565 0.568711 0.051143 0.102266
4 0.742280 0.211284 0.101162 0.050068
4 0.424253 0.211284 0.104404 0.050068
4 0.295874 0.440815 0.109736 0.100244
4 0.292681 0.585757 0.116123 0.121455
4 0.465801 0.621396 0.089492 0.094922
0 0.412822 0.621089 0.022734 0.094424
0 0.146948 0.178682 0.120830 0.020977
0 0.296455 0.505679 0.112090 0.027979
