0 0.045977 0.731162 0.090840 0.019512
0 0.119688 0.665273 0.018633 0.100508
0 0.587495 0.797026 0.186455 0.014639
1 0.715313 0.951206 0.026445 0.096553
0 0.587471 0.256484 0.209824 0.020488
1 0.715361 0.084272 0.018535 0.165869
0 0.460215 0.336006 0.021465 0.132695
0 0.461191 0.657988 0.019512 0.107324
3 0.618857 0.192080 0.127734 0.121172
3 0.674390 0.121558 0.063311 0.066748
3 0.671611 0.050527 0.066641 0.073301
3 0.408940 0.333750 0.089971 0.097734
3 0.422827 0.656396 0.071084 0.076641
3 0.169038 0.669727 0.081084 0.096621
3 0.031484 0.640239 0.062969 0.084521
3 0.042593 0.790229 0.085186 0.104404
3 0.623857 0.859653 0.117734 0.112178
3 0.676611 0.955171 0.065527 0.069971
