1 0.831187 0.047563 0.094580 0.036729
1 0.365176 0.053657 0.134824 0.036729
1 0.049546 0.204912 0.038643 0.167871
0 0.666821 0.718164 0.138330 0.048828
0 0.571514 0.618472 0.047402 0.141572
0 0.284761 0.593125 0.038682 0.129375
0 0.403643 0.514419 0.131328 0.024482
3 0.487930 0.619741 0.131367 0.140518
3 0.663213 0.805811 0.139121 0.129707
3 0.359014 0.593496 0.111328 0.125078
3 0.403794 0.445259 0.123682 0.112725
4 0.071108 0.203564 0.032432 0.151270
4 0.361328 0.082383 0.112891 0.057129
0 0.995195 0.823926 0.009609 0.115410
2 0.670308 0.399883 0.164541 0.281523
2 0.871401 0.148081 0.251982 0.166123
1 0.655444 0.049316 0.094580 0.036719
