0 0.454087 0.375781 0.012783 0.066016
3 0.419512 0.375557 0.056641 0.065293
3 0.243462 0.365835 0.063076 0.067354
3 0.301221 0.533291 0.059473 0.065254
3 0.289365 0.755591 0.032988 0.038037
3 0.297993 0.710762 0.051670 0.050195
3 0.512358 0.742314 0.064561 0.060215
3 0.577988 0.741968 0.063789 0.060986
3 0.741445 0.745186 0.032305 0.034434
3 0.731777 0.701436 0.051641 0.051621
3 0.744331 0.570937 0.030850 0.035859
3 0.734302 0.525762 0.049463 0.050195
3 0.730000 0.351514 0.045156 0.050195
3 0.522041 0.133535 0.046621 0.050195
3 0.521685 0.211689 0.045908 0.050195
3 0.662944 0.336475 0.056650 0.050195
3 0.962681 0.189453 0.030830 0.037305
3 0.865146 0.218862 0.052324 0.051631
3 0.917856 0.218877 0.054502 0.051621
0 0.549966 0.130762 0.012783 0.046875
0 0.549966 0.212813 0.012783 0.055430
0 0.266577 0.544102 0.012783 0.100137
0 0.501484 0.409336 0.084160 0.009590
0 0.209048 0.366733 0.012783 0.069268
1 0.267646 0.725781 0.011719 0.086328
1 0.543589 0.776875 0.141729 0.013809
1 0.763037 0.716172 0.011719 0.096953
1 0.761973 0.372593 0.011719 0.100127
1 0.761973 0.543032 0.011719 0.104365
1 0.985156 0.204258 0.011719 0.066055
1 0.907388 0.241543 0.143818 0.014922
0 0.760381 0.040200 0.067129 0.012764
0 0.664497 0.305479 0.057510 0.009590
3 0.481177 0.024819 0.059521 0.049639
3 0.475425 0.426074 0.027998 0.024414
3 0.515576 0.440430 0.053809 0.050195
