4 0.215083 0.097085 0.099873 0.052314
0 0.197153 0.186426 0.099014 0.016504
1 0.057549 0.457715 0.028047 0.125410
0 0.537744 0.498965 0.028047 0.102305
0 0.942676 0.881348 0.113086 0.025977
0 0.722729 0.790386 0.031357 0.112217
0 0.726855 0.456279 0.033008 0.127090
1 0.210947 0.068750 0.128691 0.025391
1 0.433843 0.070039 0.128701 0.025391
1 0.805649 0.067910 0.128701 0.025391
2 0.940415 0.148325 0.118252 0.135303
4 0.087871 0.454644 0.052305 0.100459
0 0.633872 0.375889 0.112354 0.016621
3 0.595254 0.500430 0.086836 0.090938
3 0.650820 0.455269 0.115898 0.121885
3 0.632095 0.317036 0.105791 0.104600
3 0.198140 0.239751 0.090947 0.086787
4 0.436812 0.095894 0.098682 0.049932
4 0.808042 0.100654 0.107588 0.055879
4 0.080356 0.717432 0.036221 0.145957
3 0.788340 0.791611 0.101094 0.104668
3 0.942715 0.938721 0.105156 0.102363
1 0.058315 0.718433 0.028057 0.188135
