1 0.246870 0.078652 0.120381 0.023438
1 0.467944 0.076514 0.120381 0.023438
1 0.840288 0.077578 0.127842 0.023438
1 0.091870 0.725825 0.026611 0.182139
1 0.093999 0.466436 0.022354 0.125723
0 0.757173 0.804150 0.030889 0.112930
0 0.759858 0.465918 0.035166 0.133203
0 0.573926 0.508496 0.025586 0.101172
3 0.629331 0.509053 0.086299 0.093750
3 0.686328 0.467505 0.117188 0.121455
0 0.666084 0.390264 0.115059 0.026641
3 0.669282 0.326289 0.106533 0.101309
4 0.839736 0.109014 0.112930 0.056465
4 0.467388 0.103652 0.109775 0.051094
4 0.246875 0.107402 0.107617 0.056465
0 0.232485 0.198501 0.100146 0.020244
3 0.231953 0.248569 0.090547 0.092686
4 0.121689 0.464307 0.046875 0.098008
4 0.122773 0.730088 0.051133 0.152324
0 0.959819 0.890449 0.080361 0.019180
3 0.962480 0.946909 0.075039 0.095889
3 0.820029 0.800962 0.101211 0.104404
2 0.961416 0.159087 0.077168 0.135303
