3 0.451416 0.662422 0.105469 0.098086
3 0.555288 0.662412 0.104404 0.106641
3 0.657563 0.662944 0.102275 0.103447
3 0.099316 0.787588 0.164062 0.077871
3 0.076948 0.454189 0.106533 0.105469
3 0.231953 0.305571 0.103340 0.108662
3 0.927627 0.191045 0.077773 0.086289
3 0.930820 0.273608 0.079902 0.080967
3 0.538774 0.035063 0.094814 0.070127
3 0.357129 0.024941 0.091621 0.049883
0 0.294277 0.024409 0.036230 0.048818
0 0.486572 0.033999 0.013848 0.067998
0 0.297461 0.306045 0.027734 0.116230
0 0.076411 0.396123 0.113994 0.023438
1 0.972925 0.230410 0.021338 0.186543
1 0.555288 0.715200 0.328135 0.024502
1 0.099316 0.833452 0.183242 0.024502
1 0.973437 0.016953 0.028770 0.033906
