0 0.348896 0.473164 0.100996 0.016934
2 0.978218 0.909297 0.043564 0.022578
2 0.789863 0.908877 0.136367 0.022578
2 0.162012 0.856182 0.115430 0.022578
2 0.422148 0.856191 0.060508 0.022578
1 0.082617 0.491934 0.108965 0.007734
1 0.132988 0.514307 0.008223 0.052949
1 0.083086 0.536328 0.108027 0.008984
1 0.474453 0.166094 0.014180 0.332187
1 0.436519 0.339648 0.086475 0.019336
1 0.274355 0.352700 0.013301 0.009619
1 0.160645 0.339341 0.264453 0.019521
1 0.015967 0.433687 0.030957 0.867373
2 0.508823 0.855864 0.111982 0.022588
1 0.907222 0.908828 0.098350 0.022871
1 0.711250 0.892881 0.023594 0.055488
1 0.629434 0.855610 0.128633 0.022549
1 0.707222 0.694385 0.030264 0.345605
1 0.776465 0.536855 0.168359 0.030098
1 0.928955 0.748071 0.142090 0.027412
1 0.871602 0.641826 0.028359 0.239902
1 0.928711 0.536968 0.142578 0.030225
1 0.706992 0.496655 0.029785 0.055889
1 0.547139 0.473408 0.294277 0.013652
1 0.274297 0.652515 0.013789 0.386963
1 0.288730 0.473467 0.018047 0.012754
1 0.306465 0.855986 0.174336 0.022773
1 0.066807 0.856260 0.077266 0.022773
0 0.274561 0.408306 0.017090 0.101377
0 0.343018 0.339731 0.099512 0.021846
