1 0.543530 0.443359 0.037373 0.769531
1 0.670757 0.808823 0.292686 0.037764
1 0.486035 0.811816 0.081250 0.030859
1 0.052275 0.399390 0.075898 0.013018
1 0.240596 0.697285 0.019277 0.204687
1 0.248433 0.049541 0.140420 0.025059
1 0.165088 0.812402 0.330176 0.031250
1 0.993223 0.713945 0.013555 0.273926
1 0.762578 0.028042 0.474844 0.018506
0 0.993501 0.912451 0.012998 0.124336
1 0.001909 0.788594 0.003818 0.015098
0 0.001909 0.729761 0.003818 0.099912
1 0.001675 0.646563 0.003350 0.065000
1 0.044795 0.607754 0.089590 0.012617
1 0.248950 0.026982 0.141475 0.017305
2 0.485723 0.047104 0.082031 0.029717
2 0.381396 0.046807 0.125430 0.029121
1 0.804565 0.611675 0.026865 0.081748
1 0.689932 0.590190 0.255684 0.037412
0 0.993423 0.514619 0.013154 0.123867
0 0.901333 0.808594 0.168818 0.038379
0 0.387764 0.812549 0.114687 0.031543
0 0.343403 0.479536 0.012998 0.100303
2 0.138096 0.047788 0.077012 0.030400
2 0.049233 0.047764 0.098467 0.030352
1 0.170010 0.604741 0.160371 0.019600
1 0.993325 0.257588 0.013350 0.390957
1 0.762373 0.048560 0.475254 0.026221
1 0.993223 0.986787 0.013555 0.026426
1 0.188867 0.235674 0.019727 0.353184
1 0.143750 0.402388 0.108984 0.019814
1 0.099443 0.503623 0.019199 0.221758
1 0.343413 0.414570 0.012607 0.030098
1 0.273662 0.405679 0.152090 0.013428
1 0.343486 0.569385 0.013027 0.078809
1 0.300117 0.601836 0.099766 0.013066
