1 0.745708 0.968462 0.094541 0.020576
1 0.924502 0.968271 0.104707 0.020859
0 0.176016 0.239209 0.099141 0.024980
1 0.003018 0.494277 0.006035 0.092383
1 0.003076 0.795112 0.006152 0.281064
1 0.749902 0.123687 0.038672 0.247373
1 0.633979 0.227783 0.270518 0.039160
1 0.482949 0.206743 0.038574 0.081553
1 0.483262 0.015864 0.037949 0.031729
1 0.616650 0.014111 0.234863 0.028223
1 0.278574 0.134424 0.037969 0.268848
1 0.244883 0.239888 0.035547 0.024346
1 0.011865 0.061353 0.023730 0.115869
1 0.011870 0.231338 0.023740 0.041660
1 0.074307 0.239404 0.101621 0.025098
1 0.131299 0.435981 0.262598 0.026455
1 0.278369 0.405518 0.037246 0.017109
1 0.287285 0.429985 0.055039 0.037510
1 0.218628 0.687251 0.013721 0.033896
1 0.966421 0.815430 0.020479 0.326563
1 0.181284 0.676919 0.088604 0.013428
1 0.218667 0.833726 0.013311 0.207549
1 0.279951 0.717285 0.135098 0.024805
1 0.486006 0.833135 0.012891 0.207129
1 0.486094 0.680181 0.012969 0.049717
1 0.477451 0.717363 0.030527 0.023984
1 0.486167 0.493647 0.012881 0.093232
1 0.689360 0.430024 0.492002 0.038115
1 0.966270 0.013672 0.020625 0.027344
1 0.966753 0.316631 0.020322 0.420645
1 0.945835 0.013955 0.026982 0.027910
1 0.945923 0.316567 0.026807 0.422158
1 0.945718 0.806133 0.026533 0.309531
1 0.915054 0.947832 0.087861 0.026133
1 0.745391 0.948013 0.095410 0.026494
1 0.355127 0.947861 0.436816 0.026387
1 0.029678 0.947554 0.059355 0.026572
1 0.029248 0.968164 0.058496 0.020117
1 0.355801 0.968242 0.436250 0.020332
0 0.378457 0.429697 0.128281 0.038965
0 0.486230 0.597886 0.013281 0.114971
0 0.405107 0.717373 0.113984 0.023613
2 0.098584 0.950308 0.077441 0.031611
2 0.636597 0.950859 0.125127 0.031816
2 0.832568 0.950435 0.079414 0.031494
2 0.948398 0.589961 0.031816 0.124062
2 0.947607 0.067080 0.029336 0.078398
0 0.278604 0.332524 0.036055 0.128896
1 0.130112 0.002246 0.260225 0.004492
