1 0.517427 0.766357 0.011611 0.170605
1 0.188174 0.602480 0.011660 0.175859
1 0.175811 0.685552 0.037363 0.010693
1 0.490776 0.778770 0.040479 0.011250
1 0.476421 0.811934 0.010635 0.077578
2 0.346270 0.503286 0.106133 0.022021
2 0.019980 0.503291 0.039961 0.022383
1 0.175439 0.930996 0.012383 0.138008
0 0.596338 0.856631 0.114102 0.010957
1 0.347832 0.856348 0.382461 0.010156
1 0.243262 0.839106 0.175781 0.023525
1 0.176108 0.814355 0.036846 0.040234
1 0.141284 0.757026 0.030166 0.485947
1 0.166445 0.503335 0.252812 0.022275
1 0.517334 0.541675 0.012422 0.054092
1 0.461499 0.503340 0.124092 0.022227
1 0.512129 0.262734 0.022695 0.503437
1 0.521250 0.006152 0.040508 0.012305
1 0.829360 0.005996 0.204619 0.011992
1 0.869175 0.282959 0.012236 0.543066
1 0.676353 0.560869 0.012744 0.157949
1 0.841016 0.561011 0.317969 0.013057
1 0.983198 0.714746 0.012607 0.295508
1 0.821167 0.856665 0.335596 0.011182
1 0.676221 0.814102 0.012598 0.073750
0 0.517358 0.625117 0.011748 0.112344
