0 0.040044 0.603901 0.013193 0.085693
0 0.037461 0.898789 0.018711 0.100273
0 0.115415 0.975254 0.113818 0.029316
0 0.356968 0.817202 0.100693 0.014951
0 0.357275 0.965659 0.099473 0.014033
2 0.904912 0.771025 0.020742 0.060176
2 0.905146 0.684180 0.020742 0.113516
2 0.905234 0.482690 0.022559 0.117158
2 0.905483 0.366519 0.022686 0.114854
1 0.232773 0.132480 0.117852 0.022578
1 0.029897 0.132588 0.059795 0.022207
1 0.197471 0.975386 0.049063 0.029580
1 0.263271 0.817334 0.087676 0.014746
1 0.210840 0.683804 0.022461 0.278877
1 0.405103 0.549780 0.369775 0.014561
1 0.583105 0.586396 0.013770 0.087793
1 0.735791 0.623120 0.319238 0.014365
1 0.904746 0.583882 0.022539 0.088389
1 0.904658 0.232764 0.022578 0.153613
1 0.904761 0.139727 0.022021 0.036758
1 0.650923 0.132520 0.489561 0.022656
1 0.413179 0.817036 0.010771 0.014561
1 0.425947 0.884375 0.014297 0.148828
1 0.037075 0.956113 0.018604 0.013926
1 0.029292 0.975537 0.058584 0.030566
1 0.039668 0.653457 0.013008 0.013008
1 0.037368 0.680156 0.019248 0.043652
1 0.014551 0.662285 0.029102 0.008359
1 0.014727 0.697505 0.029277 0.009482
1 0.037222 0.774092 0.019502 0.149648
1 0.017529 0.463340 0.035059 0.013828
1 0.039927 0.471338 0.014072 0.180000
1 0.904722 0.881885 0.022920 0.162793
1 0.871650 0.971680 0.089121 0.022070
1 0.818276 0.979775 0.022881 0.039492
1 0.608594 0.965771 0.402344 0.014551
1 0.263701 0.965659 0.087559 0.014326
1 0.207007 0.980293 0.030107 0.039414
2 0.349116 0.132686 0.115459 0.021934
2 0.116099 0.132598 0.114385 0.022246
