1 0.543330 0.454941 0.006738 0.006055
0 0.424375 0.632246 0.005977 0.043906
0 0.295020 0.695034 0.053711 0.006807
1 0.324893 0.760303 0.006250 0.006543
0 0.295537 0.760161 0.052031 0.007490
0 0.343813 0.510737 0.006514 0.051572
0 0.424839 0.535015 0.005986 0.043115
0 0.402676 0.100723 0.056035 0.015352
1 0.536440 0.370796 0.006768 0.027236
1 0.512095 0.360635 0.055693 0.006914
1 0.439341 0.365112 0.058408 0.015264
0 0.381479 0.365430 0.055400 0.015625
0 0.476528 0.266265 0.015303 0.056729
0 0.571558 0.454980 0.049463 0.007031
0 0.537202 0.406074 0.009287 0.042129
2 0.152383 0.147236 0.011035 0.063535
2 0.153154 0.264473 0.011035 0.098477
2 0.911221 0.150493 0.011035 0.036123
2 0.911221 0.114683 0.011035 0.034111
2 0.911084 0.070200 0.011035 0.054326
2 0.817822 0.218652 0.034297 0.010254
2 0.864614 0.218652 0.058135 0.010254
2 0.821250 0.488945 0.038008 0.010254
2 0.867339 0.488818 0.053799 0.010254
2 0.911035 0.592065 0.011719 0.091455
2 0.785469 0.851504 0.011289 0.112187
2 0.785645 0.762485 0.011719 0.065264
2 0.555596 0.963740 0.035449 0.011328
2 0.519272 0.963916 0.036064 0.011328
2 0.598711 0.963916 0.053672 0.011328
2 0.410698 0.964053 0.053662 0.011328
2 0.214385 0.964189 0.035840 0.011328
2 0.177700 0.964189 0.036592 0.011328
2 0.258770 0.964453 0.053672 0.011328
2 0.089463 0.671147 0.011270 0.053604
2 0.089258 0.516050 0.011270 0.037432
2 0.089214 0.478975 0.011279 0.036582
2 0.785508 0.256719 0.010625 0.058047
2 0.785518 0.417773 0.011270 0.047051
1 0.785659 0.939043 0.011494 0.061953
1 0.708569 0.964287 0.165479 0.011133
1 0.468008 0.964126 0.063789 0.011143
1 0.152983 0.062573 0.011045 0.096045
1 0.265649 0.100845 0.216846 0.015361
1 0.364961 0.046582 0.006484 0.093164
1 0.449990 0.100654 0.037598 0.015527
1 0.687793 0.003477 0.437500 0.006953
1 0.476724 0.118901 0.015400 0.237803
1 0.911099 0.021396 0.011299 0.042793
1 0.902363 0.214453 0.005664 0.011328
1 0.911050 0.194849 0.011357 0.050244
1 0.751733 0.211733 0.058447 0.006475
1 0.795518 0.214351 0.008496 0.011514
1 0.785605 0.218013 0.010937 0.018643
1 0.785366 0.340186 0.010713 0.107129
1 0.672559 0.364663 0.007422 0.058818
1 0.699414 0.331113 0.163086 0.007910
1 0.632812 0.211816 0.042773 0.006445
1 0.614624 0.305068 0.006299 0.193145
1 0.603887 0.454702 0.014492 0.006455
1 0.614512 0.471777 0.006445 0.053320
1 0.695503 0.495298 0.168154 0.006260
1 0.785596 0.470112 0.011230 0.056826
1 0.789839 0.492959 0.019736 0.010957
1 0.908135 0.492725 0.017578 0.011133
1 0.334204 0.858862 0.012256 0.198975
1 0.911064 0.516938 0.011660 0.059482
1 0.911094 0.660610 0.011719 0.044209
1 0.848633 0.676807 0.136914 0.011621
1 0.785547 0.700269 0.010938 0.058154
1 0.652832 0.678848 0.256055 0.014961
1 0.531992 0.559521 0.015586 0.253418
1 0.504150 0.440659 0.070801 0.015947
1 0.476587 0.371782 0.015342 0.153916
1 0.445361 0.445264 0.046777 0.006934
1 0.424814 0.477490 0.005957 0.071387
1 0.424805 0.583301 0.005957 0.052930
1 0.473120 0.602739 0.102588 0.006455
1 0.424888 0.662813 0.006279 0.015684
1 0.472954 0.678628 0.103506 0.015400
1 0.359585 0.760029 0.038115 0.006738
1 0.334990 0.964385 0.098008 0.011133
1 0.266016 0.694946 0.004102 0.006689
1 0.260254 0.724082 0.007031 0.065547
1 0.201221 0.723867 0.008027 0.064746
1 0.182349 0.760010 0.174170 0.007129
1 0.089771 0.410854 0.011533 0.098994
1 0.115225 0.367129 0.062871 0.011836
1 0.153193 0.343330 0.011270 0.059238
1 0.255132 0.365161 0.196201 0.015576
1 0.344033 0.429092 0.006621 0.111504
1 0.344092 0.557861 0.006934 0.042090
1 0.344048 0.644580 0.007021 0.107520
1 0.334863 0.694888 0.025586 0.006904
1 0.220454 0.584829 0.250498 0.011787
1 0.089453 0.589600 0.011133 0.109473
1 0.089565 0.834033 0.011357 0.271973
1 0.121743 0.964287 0.075518 0.011133
