1 0.259766 0.679102 0.519531 0.031641
1 0.936860 0.107129 0.126279 0.022852
1 0.653506 0.107227 0.213262 0.022461
1 0.534687 0.316699 0.031484 0.442578
1 0.535024 0.826230 0.030732 0.347539
1 0.590469 0.682852 0.086602 0.022266
1 0.838745 0.682842 0.181611 0.022910
1 0.923242 0.846338 0.014062 0.307324
1 0.238247 0.908936 0.014971 0.182129
1 0.139502 0.825142 0.212598 0.013975
1 0.134351 0.812905 0.012764 0.014619
1 0.134272 0.698350 0.013135 0.013105
1 0.329282 0.289331 0.028350 0.070889
1 0.215518 0.268247 0.255840 0.028877
1 0.101924 0.372988 0.028848 0.238594
1 0.215518 0.478003 0.255879 0.028350
1 0.259229 0.106816 0.272559 0.022891
1 0.106748 0.107139 0.036113 0.023398
1 0.611221 0.417363 0.128066 0.022695
1 0.591689 0.366123 0.008398 0.082305
1 0.557397 0.224463 0.008506 0.216895
1 0.574375 0.328926 0.042813 0.008027
1 0.868218 0.417520 0.154580 0.023027
1 0.972217 0.543926 0.055566 0.014668
1 0.951885 0.420947 0.014395 0.260645
1 0.909014 0.199512 0.008398 0.166211
1 0.954980 0.199697 0.007871 0.167012
1 0.931958 0.287100 0.054248 0.008223
2 0.044751 0.107715 0.089502 0.023066
0 0.733228 0.417622 0.115225 0.022275
0 0.534512 0.594912 0.028965 0.113301
0 0.691074 0.682876 0.114121 0.023096
0 0.134155 0.755107 0.012725 0.099902
0 0.016328 0.825269 0.032656 0.013682
2 0.817119 0.106855 0.116133 0.021641
2 0.457051 0.106943 0.124297 0.021699
