1 0.546943 0.843311 0.015762 0.094648
1 0.486230 0.885835 0.108594 0.007998
1 0.436182 0.914204 0.008496 0.064932
1 0.547202 0.636973 0.015479 0.089180
1 0.147178 0.906577 0.294355 0.007998
1 0.296973 0.903701 0.007715 0.138125
1 0.296885 0.709648 0.007422 0.018711
1 0.945283 0.796489 0.031094 0.407021
1 0.734243 0.882422 0.390166 0.016797
1 0.966816 0.500039 0.015586 0.999922
1 0.738989 0.584131 0.444385 0.021387
1 0.948345 0.287402 0.024990 0.574805
1 0.576284 0.268896 0.027861 0.254785
1 0.681094 0.155444 0.238164 0.027861
1 0.786079 0.269048 0.027529 0.255068
1 0.791768 0.427583 0.015566 0.066885
1 0.764717 0.382603 0.070566 0.027510
1 0.378955 0.286768 0.022363 0.573535
1 0.384570 0.584204 0.033398 0.021123
1 0.380493 0.648428 0.025244 0.107012
1 0.196631 0.689297 0.393262 0.025508
0 0.436152 0.973447 0.007324 0.053105
1 0.792256 0.567749 0.014883 0.011201
0 0.791519 0.511890 0.015850 0.101064
0 0.459033 0.584375 0.114551 0.021484
0 0.297285 0.986577 0.007324 0.026846
0 0.296807 0.776938 0.007324 0.115205
0 0.546924 0.738433 0.015332 0.114541
