1 0.798003 0.254927 0.010127 0.119443
1 0.822852 0.117920 0.286133 0.011230
1 0.879902 0.226489 0.015664 0.208740
1 0.696187 0.323604 0.021865 0.014590
1 0.618481 0.323228 0.021885 0.015264
1 0.615298 0.226450 0.015693 0.208564
1 0.617222 0.117495 0.019209 0.010771
1 0.613374 0.080225 0.011533 0.063379
1 0.558594 0.054360 0.121094 0.011260
1 0.290122 0.054062 0.308369 0.010664
1 0.131436 0.054141 0.010449 0.010547
1 0.131533 0.081318 0.010840 0.045371
1 0.131528 0.258169 0.010850 0.055654
1 0.131597 0.395186 0.010830 0.111055
1 0.240576 0.388677 0.209082 0.009951
1 0.254932 0.421025 0.007715 0.054746
1 0.328813 0.421841 0.006455 0.056182
1 0.241699 0.502393 0.209180 0.006738
1 0.328755 0.495835 0.006143 0.005928
1 0.431284 0.502319 0.057939 0.006396
1 0.413623 0.615771 0.006934 0.220215
1 0.405869 0.731499 0.116387 0.011377
1 0.656885 0.731592 0.098730 0.011621
1 0.787695 0.731646 0.056055 0.011143
1 0.762646 0.659180 0.006934 0.135156
1 0.762725 0.508643 0.006504 0.081152
1 0.638184 0.502393 0.242188 0.006934
1 0.610977 0.478760 0.006934 0.040918
1 0.664521 0.596309 0.006934 0.181016
1 0.905903 0.731641 0.026279 0.010742
1 0.941650 0.656528 0.049121 0.010713
1 0.923145 0.689258 0.011328 0.076562
1 0.923188 0.731855 0.011045 0.010352
1 0.902617 0.463770 0.066172 0.010352
1 0.780903 0.463789 0.042861 0.010352
1 0.225840 0.239443 0.179023 0.006465
1 0.451855 0.285991 0.158984 0.006729
1 0.375635 0.258936 0.006738 0.060645
1 0.375498 0.115527 0.006738 0.112500
1 0.568833 0.167070 0.080244 0.006738
1 0.131250 0.664741 0.011328 0.125186
1 0.169995 0.731655 0.068506 0.011240
1 0.131289 0.731768 0.010742 0.010840
1 0.429644 0.388525 0.054756 0.010059
1 0.553906 0.388516 0.109375 0.010059
1 0.610937 0.386162 0.006504 0.015898
1 0.747573 0.200269 0.111396 0.009717
1 0.786865 0.309819 0.032402 0.010537
1 0.697158 0.255420 0.010527 0.120801
1 0.827881 0.323091 0.119824 0.015713
2 0.129766 0.135298 0.014668 0.062314
2 0.129922 0.198418 0.014668 0.063906
2 0.131284 0.312812 0.012178 0.052891
2 0.131274 0.473779 0.011963 0.045605
2 0.131543 0.575161 0.011328 0.053311
2 0.308301 0.732764 0.077930 0.014355
2 0.236812 0.732812 0.064639 0.014355
2 0.568809 0.732881 0.076875 0.014355
2 0.497319 0.733145 0.066514 0.014355
2 0.733066 0.731802 0.053516 0.012236
2 0.873696 0.731753 0.037705 0.010771
2 0.835254 0.731753 0.038867 0.010967
2 0.983218 0.658320 0.033564 0.014355
2 0.653203 0.117593 0.052578 0.010381
2 0.471143 0.054204 0.053613 0.011338
1 0.439614 0.071968 0.008525 0.024502
1 0.411465 0.080571 0.064824 0.007295
1 0.511611 0.336387 0.011758 0.094062
1 0.600425 0.222388 0.007139 0.102881
1 0.566685 0.270464 0.074229 0.006826
1 0.532227 0.278252 0.005273 0.022754
1 0.568369 0.286650 0.077910 0.005957
1 0.533608 0.303540 0.006318 0.027822
1 0.527046 0.314214 0.019092 0.006826
0 0.375518 0.200234 0.006797 0.056699
1 0.417656 0.336167 0.017559 0.093779
0 0.478076 0.388413 0.041914 0.009990
0 0.373618 0.388628 0.056865 0.009932
1 0.190723 0.421353 0.006270 0.054893
1 0.198721 0.421040 0.005332 0.054893
1 0.194473 0.445674 0.014063 0.006152
1 0.226147 0.413604 0.049326 0.007715
1 0.315366 0.399780 0.006299 0.011904
1 0.318716 0.403008 0.013350 0.005449
0 0.328491 0.471333 0.006475 0.043135
0 0.374302 0.502300 0.055693 0.006670
0 0.488638 0.502349 0.056768 0.006826
0 0.610791 0.356611 0.006543 0.043145
1 0.610884 0.332944 0.006143 0.003916
0 0.657344 0.323223 0.055625 0.015371
0 0.737686 0.323228 0.060723 0.015361
0 0.762666 0.570342 0.006973 0.042129
2 0.983037 0.117441 0.033926 0.012246
1 0.899116 0.704463 0.006670 0.043105
1 0.906582 0.686143 0.021777 0.006465
