1 0.560908 0.263149 0.010605 0.019971
1 0.463916 0.963418 0.110020 0.011758
1 0.468682 0.832666 0.011953 0.248926
1 0.409243 0.708921 0.106768 0.006904
1 0.359063 0.718945 0.006680 0.026758
1 0.496548 0.708706 0.043096 0.006416
1 0.624653 0.708682 0.113955 0.006797
1 0.688740 0.797388 0.015391 0.196436
1 0.642866 0.963135 0.098779 0.011035
1 0.686587 0.931738 0.011650 0.073828
1 0.710107 0.899731 0.058691 0.011045
1 0.971484 0.899834 0.057031 0.010742
1 0.952979 0.786475 0.016035 0.217480
1 0.979668 0.687637 0.040039 0.006152
1 0.952954 0.601826 0.015928 0.038730
1 0.681836 0.576113 0.154297 0.015586
1 0.613237 0.548535 0.016104 0.070312
1 0.494482 0.520718 0.254004 0.015205
1 0.375298 0.399902 0.015596 0.257031
1 0.353594 0.267378 0.058594 0.011318
1 0.377090 0.204590 0.011992 0.137305
1 0.393413 0.141714 0.044639 0.011650
1 0.536724 0.141724 0.059541 0.011533
1 0.561025 0.150029 0.010742 0.006445
1 0.089590 0.344238 0.011641 0.165625
1 0.114927 0.267422 0.062334 0.011992
1 0.089258 0.584736 0.011719 0.063184
1 0.089409 0.718164 0.011826 0.097598
1 0.194043 0.718525 0.200586 0.012539
1 0.293545 0.728306 0.006895 0.007256
1 0.329272 0.792441 0.065967 0.006504
1 0.358906 0.789321 0.006641 0.013018
1 0.293662 0.870815 0.006426 0.175947
1 0.329575 0.851338 0.065049 0.007227
1 0.089170 0.931089 0.011543 0.075322
1 0.219531 0.963145 0.272461 0.011328
1 0.713374 0.267334 0.108740 0.010840
1 0.583975 0.267520 0.056738 0.010859
1 0.558364 0.356787 0.006904 0.169238
1 0.441250 0.368467 0.119219 0.006816
1 0.582461 0.438179 0.054766 0.006260
1 0.599009 0.448691 0.006670 0.014336
1 0.748486 0.438188 0.193457 0.006455
1 0.841929 0.419946 0.006377 0.042979
1 0.689722 0.380112 0.060205 0.007158
1 0.722627 0.353442 0.007695 0.162744
1 0.835747 0.267144 0.018525 0.010439
1 0.839302 0.262661 0.011631 0.019326
1 0.841797 0.301318 0.006445 0.057910
1 0.858872 0.141685 0.050947 0.011729
1 0.839277 0.149995 0.011367 0.006650
1 0.693130 0.540781 0.007100 0.055352
1 0.683105 0.516167 0.026953 0.006221
1 0.688838 0.613145 0.015586 0.058906
1 0.608740 0.607568 0.006914 0.047363
1 0.576709 0.627856 0.070957 0.006436
1 0.469878 0.628115 0.055381 0.006035
1 0.450654 0.576821 0.006641 0.096611
1 0.374863 0.579321 0.015156 0.103857
1 0.390864 0.628042 0.016787 0.006201
1 0.907471 0.576289 0.185059 0.015586
1 0.293599 0.693394 0.006553 0.039521
2 0.537627 0.963384 0.037578 0.011514
2 0.574922 0.963232 0.036953 0.011621
1 0.443682 0.928916 0.007227 0.057246
1 0.451304 0.903389 0.022666 0.006152
2 0.382344 0.963271 0.053223 0.011348
2 0.089404 0.794238 0.012012 0.054492
2 0.089185 0.874673 0.011670 0.037236
2 0.089297 0.838721 0.012207 0.034473
2 0.089282 0.642871 0.011729 0.052539
2 0.089292 0.454072 0.011729 0.053770
2 0.089424 0.534380 0.011719 0.037119
2 0.089487 0.498389 0.011729 0.034668
2 0.291855 0.266699 0.064375 0.012500
2 0.202832 0.266016 0.113477 0.015039
2 0.488271 0.141748 0.037480 0.011621
2 0.442744 0.141719 0.053848 0.011621
2 0.562158 0.232471 0.013574 0.041113
2 0.562227 0.182583 0.013574 0.058330
2 0.635605 0.267432 0.046602 0.011035
2 0.797119 0.267188 0.058301 0.010547
2 0.838525 0.235210 0.013574 0.035264
2 0.838428 0.185508 0.013770 0.063789
2 0.978027 0.141528 0.043945 0.011475
2 0.903027 0.141650 0.037109 0.011621
2 0.938794 0.141582 0.034326 0.011621
1 0.582842 0.392236 0.042324 0.006738
1 0.582808 0.379609 0.042002 0.005625
1 0.600586 0.386123 0.006738 0.018945
1 0.573599 0.314111 0.023037 0.007051
1 0.581055 0.295547 0.008672 0.044727
1 0.708467 0.295410 0.006504 0.045000
1 0.711855 0.315347 0.013828 0.005674
1 0.713955 0.409292 0.006270 0.051631
1 0.842705 0.536602 0.006328 0.063496
1 0.827012 0.536719 0.007734 0.062793
1 0.834507 0.507339 0.023193 0.004912
0 0.952778 0.649434 0.016162 0.056465
2 0.908423 0.899761 0.068271 0.010674
2 0.788950 0.899668 0.098857 0.011055
1 0.275347 0.692949 0.006455 0.038438
1 0.281025 0.676738 0.018223 0.006094
0 0.542861 0.708730 0.049414 0.006523
0 0.786953 0.576147 0.055820 0.015576
1 0.623740 0.516113 0.004590 0.006152
0 0.647817 0.516113 0.043369 0.006152
1 0.599014 0.509741 0.006465 0.006650
0 0.599038 0.481152 0.006475 0.050527
0 0.630830 0.438184 0.041699 0.006445
1 0.392983 0.576260 0.005986 0.096914
0 0.420693 0.628257 0.042656 0.006201
0 0.519395 0.627876 0.043418 0.006357
0 0.688677 0.670923 0.015752 0.056533
0 0.293506 0.757334 0.006738 0.050605
0 0.358931 0.757666 0.006826 0.050410
1 0.438813 0.799805 0.047646 0.006836
1 0.438813 0.788579 0.047646 0.006045
1 0.418018 0.794487 0.006348 0.017568
1 0.090371 0.160781 0.013125 0.050605
