1 0.073901 0.896992 0.022842 0.036152
1 0.073628 0.065117 0.022900 0.130234
1 0.073618 0.350127 0.022881 0.212695
1 0.283594 0.469302 0.442578 0.030107
1 0.192334 0.446636 0.214941 0.007334
1 0.295703 0.429204 0.008145 0.042178
1 0.332778 0.412187 0.082295 0.008145
1 0.384277 0.392139 0.022227 0.128223
1 0.384463 0.135708 0.022227 0.153643
1 0.170947 0.094946 0.175879 0.008057
1 0.254971 0.078774 0.007539 0.040752
1 0.167036 0.048779 0.168271 0.008301
1 0.384722 0.051616 0.266689 0.013564
1 0.510903 0.029214 0.014131 0.058428
1 0.649375 0.165005 0.023203 0.181318
1 0.829551 0.080435 0.340898 0.013584
1 0.809761 0.469434 0.380479 0.030469
1 0.649419 0.413125 0.021787 0.086250
1 0.645864 0.741396 0.029990 0.517207
1 0.665474 0.869429 0.012783 0.013213
1 0.779536 0.869614 0.014365 0.012705
1 0.792080 0.864551 0.013457 0.211914
1 0.892651 0.765459 0.214697 0.014004
1 0.256299 0.674414 0.071191 0.028125
1 0.234888 0.787988 0.028369 0.255273
1 0.339941 0.901621 0.238477 0.028105
1 0.445063 0.788359 0.028135 0.254844
1 0.073979 0.770796 0.022881 0.220498
0 0.649795 0.312852 0.022910 0.113906
0 0.561958 0.469727 0.114756 0.029688
0 0.384570 0.270425 0.021680 0.115791
0 0.721572 0.869727 0.100410 0.013867
0 0.792627 0.985313 0.014355 0.029375
2 0.073843 0.957690 0.025654 0.084619
2 0.073843 0.542764 0.021104 0.116953
2 0.074077 0.631216 0.020908 0.059248
2 0.073477 0.187573 0.022910 0.114893
