1 0.976187 0.200190 0.020049 0.014580
0 0.937715 0.200176 0.056504 0.014609
0 0.757417 0.483833 0.042100 0.006553
2 0.790566 0.643662 0.065156 0.011738
2 0.879790 0.643696 0.113076 0.011748
1 0.950063 0.650000 0.011924 0.024805
1 0.946172 0.643608 0.019688 0.011826
2 0.950000 0.681514 0.011914 0.037754
2 0.949990 0.733149 0.011699 0.065146
2 0.370459 0.393652 0.037207 0.011719
2 0.324634 0.393838 0.053955 0.011719
2 0.203081 0.259707 0.065537 0.011719
2 0.113970 0.259697 0.112705 0.011719
0 0.363628 0.161133 0.056748 0.011719
0 0.393833 0.082227 0.042021 0.006836
1 0.464233 0.039453 0.007979 0.078906
1 0.498735 0.068076 0.006631 0.021660
1 0.486689 0.060586 0.030508 0.006836
1 0.474551 0.031982 0.006445 0.063965
0 0.602402 0.023394 0.005859 0.046787
0 0.628730 0.120400 0.015664 0.056074
2 0.937739 0.064800 0.054189 0.010439
2 0.892388 0.064795 0.036318 0.010449
1 0.950972 0.351382 0.098057 0.007842
1 0.950972 0.366118 0.098057 0.006592
1 0.919512 0.443437 0.008164 0.040781
1 0.904458 0.466650 0.124834 0.005645
1 0.963896 0.472295 0.005957 0.016934
2 0.551147 0.393916 0.053955 0.011719
2 0.506265 0.393936 0.036006 0.011719
0 0.513398 0.161094 0.055898 0.011719
1 0.628740 0.258252 0.015625 0.219434
1 0.688428 0.508403 0.011230 0.282021
1 0.720313 0.643555 0.075000 0.011523
1 0.714648 0.483726 0.043164 0.006377
1 0.889258 0.483921 0.221484 0.006377
1 0.838911 0.423877 0.006143 0.113379
1 0.894282 0.280273 0.015146 0.175781
1 0.897949 0.199990 0.022715 0.015371
1 0.978369 0.138232 0.015332 0.137793
1 0.982568 0.064717 0.034863 0.010547
1 0.843135 0.064878 0.061797 0.011201
1 0.817500 0.035239 0.011562 0.070479
1 0.716934 0.062788 0.192090 0.015889
1 0.628613 0.073403 0.015703 0.037666
1 0.602412 0.054189 0.005879 0.014648
1 0.610664 0.058174 0.022461 0.006699
1 0.458403 0.082158 0.086729 0.006641
1 0.363105 0.039448 0.007383 0.078721
1 0.581787 0.161074 0.080566 0.011758
1 0.788672 0.360386 0.226562 0.015303
1 0.800967 0.168818 0.033105 0.009629
1 0.812285 0.223633 0.010312 0.119727
1 0.761621 0.278525 0.111328 0.010059
1 0.710986 0.223730 0.010254 0.119922
1 0.707388 0.776621 0.049912 0.013359
1 0.950264 0.774482 0.011133 0.016855
1 0.972314 0.777456 0.055371 0.010967
1 0.040278 0.392593 0.049014 0.012842
1 0.252769 0.064990 0.007881 0.041699
1 0.311021 0.082192 0.123408 0.006904
1 0.021025 0.142100 0.011289 0.246855
1 0.036406 0.259795 0.042090 0.011465
1 0.249976 0.326660 0.011377 0.145703
1 0.270762 0.393750 0.053711 0.011621
1 0.245889 0.259619 0.019727 0.011816
1 0.252378 0.209932 0.006650 0.088809
1 0.292061 0.160879 0.086191 0.011719
1 0.438784 0.161104 0.092959 0.011641
1 0.438286 0.277988 0.006436 0.222148
1 0.438818 0.393428 0.098926 0.011387
1 0.605347 0.393555 0.054346 0.011523
1 0.626812 0.383154 0.011240 0.032031
1 0.983115 0.225864 0.007695 0.037061
1 0.989609 0.240420 0.020781 0.008105
