1 0.679102 0.740234 0.031641 0.519531
1 0.107129 0.063140 0.022852 0.126279
1 0.107227 0.346494 0.022461 0.213262
1 0.316699 0.465313 0.442578 0.031484
1 0.826230 0.464976 0.347539 0.030732
1 0.682852 0.409531 0.022266 0.086602
1 0.682842 0.161255 0.022910 0.181611
1 0.846338 0.076758 0.307324 0.014062
1 0.908936 0.761753 0.182129 0.014971
1 0.825142 0.860498 0.013975 0.212598
1 0.812905 0.865649 0.014619 0.012764
1 0.698350 0.865728 0.013105 0.013135
1 0.289331 0.670718 0.070889 0.028350
1 0.268247 0.784482 0.028877 0.255840
1 0.372988 0.898076 0.238594 0.028848
1 0.478003 0.784482 0.028350 0.255879
1 0.106816 0.740771 0.022891 0.272559
1 0.107139 0.893252 0.023398 0.036113
1 0.417363 0.388779 0.022695 0.128066
1 0.366123 0.408311 0.082305 0.008398
1 0.224463 0.442603 0.216895 0.008506
1 0.328926 0.425625 0.008027 0.042813
1 0.417520 0.131782 0.023027 0.154580
1 0.543926 0.027783 0.014668 0.055566
1 0.420947 0.048115 0.260645 0.014395
1 0.199512 0.090986 0.166211 0.008398
1 0.199697 0.045020 0.167012 0.007871
1 0.287100 0.068042 0.008223 0.054248
2 0.107715 0.955249 0.023066 0.089502
0 0.417622 0.266772 0.022275 0.115225
0 0.594912 0.465488 0.113301 0.028965
0 0.682876 0.308926 0.023096 0.114121
0 0.755107 0.865845 0.099902 0.012725
0 0.825269 0.983672 0.013682 0.032656
2 0.106855 0.182881 0.021641 0.116133
2 0.106943 0.542949 0.021699 0.124297
