1 0.320898 0.259766 0.031641 0.519531
1 0.892871 0.936860 0.022852 0.126279
1 0.892773 0.653506 0.022461 0.213262
1 0.683301 0.534687 0.442578 0.031484
1 0.173770 0.535024 0.347539 0.030732
1 0.317148 0.590469 0.022266 0.086602
1 0.317158 0.838745 0.022910 0.181611
1 0.153662 0.923242 0.307324 0.014062
1 0.091064 0.238247 0.182129 0.014971
1 0.174858 0.139502 0.013975 0.212598
1 0.187095 0.134351 0.014619 0.012764
1 0.301650 0.134272 0.013105 0.013135
1 0.710669 0.329282 0.070889 0.028350
1 0.731753 0.215518 0.028877 0.255840
1 0.627012 0.101924 0.238594 0.028848
1 0.521997 0.215518 0.028350 0.255879
1 0.893184 0.259229 0.022891 0.272559
1 0.892861 0.106748 0.023398 0.036113
1 0.582637 0.611221 0.022695 0.128066
1 0.633877 0.591689 0.082305 0.008398
1 0.775537 0.557397 0.216895 0.008506
1 0.671074 0.574375 0.008027 0.042813
1 0.582480 0.868218 0.023027 0.154580
1 0.456074 0.972217 0.014668 0.055566
1 0.579053 0.951885 0.260645 0.014395
1 0.800488 0.909014 0.166211 0.008398
1 0.800303 0.954980 0.167012 0.007871
1 0.712900 0.931958 0.008223 0.054248
2 0.892285 0.044751 0.023066 0.089502
0 0.582378 0.733228 0.022275 0.115225
0 0.405088 0.534512 0.113301 0.028965
0 0.317124 0.691074 0.023096 0.114121
0 0.244893 0.134155 0.099902 0.012725
0 0.174731 0.016328 0.013682 0.032656
2 0.893145 0.817119 0.021641 0.116133
2 0.893057 0.457051 0.021699 0.124297
