0 0.621538 0.220352 0.015986 0.085039
2 0.125586 0.614243 0.022266 0.113701
2 0.227368 0.149692 0.113623 0.020928
2 0.559912 0.150073 0.085840 0.022119
2 0.762910 0.150415 0.113828 0.022803
2 0.965532 0.097104 0.068936 0.023096
0 0.550444 0.672656 0.099619 0.024453
1 0.400586 0.150225 0.233398 0.022500
1 0.397007 0.246729 0.008271 0.174902
1 0.469727 0.329990 0.153711 0.008711
1 0.552319 0.418799 0.014014 0.184668
1 0.617373 0.521592 0.144492 0.020059
1 0.404395 0.425781 0.023320 0.183203
1 0.621465 0.168369 0.012930 0.018535
1 0.420913 0.524136 0.054756 0.013018
1 0.399902 0.538896 0.012734 0.016016
1 0.555244 0.310752 0.007910 0.035039
1 0.621343 0.278452 0.013779 0.030771
1 0.589854 0.287056 0.077168 0.013975
1 0.488521 0.283818 0.127998 0.007891
1 0.429087 0.223569 0.009131 0.128389
1 0.142524 0.150635 0.055166 0.022266
1 0.644443 0.672637 0.087520 0.022031
1 0.265967 0.677451 0.262402 0.014082
1 0.654067 0.150337 0.103232 0.022549
1 0.861235 0.150791 0.084717 0.022891
1 0.919722 0.113794 0.022900 0.056807
1 0.916377 0.312412 0.032070 0.346113
1 0.949897 0.469922 0.099111 0.031094
1 0.126504 0.358335 0.023203 0.399346
1 0.126372 0.835396 0.023232 0.329209
1 0.446938 0.672910 0.106182 0.022559
1 0.399980 0.655757 0.013125 0.016807
0 0.399731 0.596865 0.016221 0.099434
1 0.539478 0.524521 0.011182 0.013672
0 0.491797 0.524170 0.085742 0.016504
