0 0.610562 0.307695 0.101240 0.024336
1 0.132959 0.306753 0.116895 0.021650
1 0.830293 0.982900 0.117344 0.022676
1 0.847178 0.497632 0.010547 0.012842
1 0.832021 0.629199 0.019492 0.276367
1 0.919971 0.760547 0.160059 0.013477
1 0.969629 0.497563 0.060742 0.012705
1 0.963091 0.056104 0.027158 0.112207
1 0.994224 0.303521 0.011553 0.029346
1 0.699966 0.307178 0.077021 0.021973
1 0.804541 0.303613 0.137012 0.029688
1 0.750879 0.159229 0.029883 0.318457
1 0.523784 0.018257 0.012607 0.036514
1 0.523799 0.218018 0.013027 0.160449
1 0.385679 0.307319 0.349736 0.022061
1 0.085835 0.011646 0.022139 0.023291
1 0.085615 0.247070 0.022168 0.103516
1 0.201074 0.351187 0.022070 0.110186
1 0.201025 0.840283 0.022168 0.235254
1 0.201069 0.975327 0.021279 0.036064
1 0.404834 0.982812 0.389355 0.022461
0 0.930679 0.303511 0.114053 0.030791
0 0.896177 0.497754 0.086104 0.013281
2 0.944419 0.982480 0.111162 0.021836
2 0.729253 0.982534 0.086240 0.020439
2 0.200894 0.669219 0.022139 0.107715
2 0.201245 0.564663 0.022139 0.100811
2 0.201245 0.460444 0.022139 0.107705
2 0.085264 0.152139 0.021074 0.087090
2 0.085439 0.065757 0.021074 0.085615
0 0.523682 0.087017 0.016563 0.101240
2 0.642988 0.982725 0.086250 0.020449
