0 0.220352 0.621538 0.085039 0.015986
2 0.614243 0.125586 0.113701 0.022266
2 0.149692 0.227368 0.020928 0.113623
2 0.150073 0.559912 0.022119 0.085840
2 0.150415 0.762910 0.022803 0.113828
2 0.097104 0.965532 0.023096 0.068936
0 0.672656 0.550444 0.024453 0.099619
1 0.150225 0.400586 0.022500 0.233398
1 0.246729 0.397007 0.174902 0.008271
1 0.329990 0.469727 0.008711 0.153711
1 0.418799 0.552319 0.184668 0.014014
1 0.521592 0.617373 0.020059 0.144492
1 0.425781 0.404395 0.183203 0.023320
1 0.168369 0.621465 0.018535 0.012930
1 0.524136 0.420913 0.013018 0.054756
1 0.538896 0.399902 0.016016 0.012734
1 0.310752 0.555244 0.035039 0.007910
1 0.278452 0.621343 0.030771 0.013779
1 0.287056 0.589854 0.013975 0.077168
1 0.283818 0.488521 0.007891 0.127998
1 0.223569 0.429087 0.128389 0.009131
1 0.150635 0.142524 0.022266 0.055166
1 0.672637 0.644443 0.022031 0.087520
1 0.677451 0.265967 0.014082 0.262402
1 0.150337 0.654067 0.022549 0.103232
1 0.150791 0.861235 0.022891 0.084717
1 0.113794 0.919722 0.056807 0.022900
1 0.312412 0.916377 0.346113 0.032070
1 0.469922 0.949897 0.031094 0.099111
1 0.358335 0.126504 0.399346 0.023203
1 0.835396 0.126372 0.329209 0.023232
1 0.672910 0.446938 0.022559 0.106182
1 0.655757 0.399980 0.016807 0.013125
0 0.596865 0.399731 0.099434 0.016221
1 0.524521 0.539478 0.013672 0.011182
0 0.524170 0.491797 0.016504 0.085742
