1 0.023813 0.799810 0.020049 0.014580
0 0.062285 0.799824 0.056504 0.014609
0 0.242583 0.516167 0.042100 0.006553
2 0.209434 0.356338 0.065156 0.011738
2 0.120210 0.356304 0.113076 0.011748
1 0.049937 0.350000 0.011924 0.024805
1 0.053828 0.356392 0.019688 0.011826
2 0.050000 0.318486 0.011914 0.037754
2 0.050010 0.266851 0.011699 0.065146
2 0.629541 0.606348 0.037207 0.011719
2 0.675366 0.606162 0.053955 0.011719
2 0.796919 0.740293 0.065537 0.011719
2 0.886030 0.740303 0.112705 0.011719
0 0.636372 0.838867 0.056748 0.011719
0 0.606167 0.917773 0.042021 0.006836
1 0.535767 0.960547 0.007979 0.078906
1 0.501265 0.931924 0.006631 0.021660
1 0.513311 0.939414 0.030508 0.006836
1 0.525449 0.968018 0.006445 0.063965
0 0.397598 0.976606 0.005859 0.046787
0 0.371270 0.879600 0.015664 0.056074
2 0.062261 0.935200 0.054189 0.010439
2 0.107612 0.935205 0.036318 0.010449
1 0.049028 0.648618 0.098057 0.007842
1 0.049028 0.633882 0.098057 0.006592
1 0.080488 0.556563 0.008164 0.040781
1 0.095542 0.533350 0.124834 0.005645
1 0.036104 0.527705 0.005957 0.016934
2 0.448853 0.606084 0.053955 0.011719
2 0.493735 0.606064 0.036006 0.011719
0 0.486602 0.838906 0.055898 0.011719
1 0.371260 0.741748 0.015625 0.219434
1 0.311572 0.491597 0.011230 0.282021
1 0.279687 0.356445 0.075000 0.011523
1 0.285352 0.516274 0.043164 0.006377
1 0.110742 0.516079 0.221484 0.006377
1 0.161089 0.576123 0.006143 0.113379
1 0.105718 0.719727 0.015146 0.175781
1 0.102051 0.800010 0.022715 0.015371
1 0.021631 0.861768 0.015332 0.137793
1 0.017432 0.935283 0.034863 0.010547
1 0.156865 0.935122 0.061797 0.011201
1 0.182500 0.964761 0.011562 0.070479
1 0.283066 0.937212 0.192090 0.015889
1 0.371387 0.926597 0.015703 0.037666
1 0.397588 0.945811 0.005879 0.014648
1 0.389336 0.941826 0.022461 0.006699
1 0.541597 0.917842 0.086729 0.006641
1 0.636895 0.960552 0.007383 0.078721
1 0.418213 0.838926 0.080566 0.011758
1 0.211328 0.639614 0.226562 0.015303
1 0.199033 0.831182 0.033105 0.009629
1 0.187715 0.776367 0.010312 0.119727
1 0.238379 0.721475 0.111328 0.010059
1 0.289014 0.776270 0.010254 0.119922
1 0.292612 0.223379 0.049912 0.013359
1 0.049736 0.225518 0.011133 0.016855
1 0.027686 0.222544 0.055371 0.010967
1 0.959722 0.607407 0.049014 0.012842
1 0.747231 0.935010 0.007881 0.041699
1 0.688979 0.917808 0.123408 0.006904
1 0.978975 0.857900 0.011289 0.246855
1 0.963594 0.740205 0.042090 0.011465
1 0.750024 0.673340 0.011377 0.145703
1 0.729238 0.606250 0.053711 0.011621
1 0.754111 0.740381 0.019727 0.011816
1 0.747622 0.790068 0.006650 0.088809
1 0.707939 0.839121 0.086191 0.011719
1 0.561216 0.838896 0.092959 0.011641
1 0.561714 0.722012 0.006436 0.222148
1 0.561182 0.606572 0.098926 0.011387
1 0.394653 0.606445 0.054346 0.011523
1 0.373188 0.616846 0.011240 0.032031
1 0.016885 0.774136 0.007695 0.037061
1 0.010391 0.759580 0.020781 0.008105
