2 0.188643 0.867090 0.115488 0.021875
1 0.157764 0.449922 0.315527 0.014883
1 0.853442 0.536621 0.076650 0.013867
1 0.495981 0.346807 0.013857 0.011914
1 0.496191 0.528906 0.013867 0.179102
1 0.614805 0.536582 0.227461 0.013203
1 0.660396 0.436089 0.007295 0.189541
1 0.706626 0.436572 0.007295 0.189160
1 0.752896 0.334595 0.277217 0.013818
1 0.610039 0.319956 0.007969 0.043877
1 0.556299 0.337754 0.099512 0.008164
1 0.557080 0.302695 0.097559 0.009102
1 0.498779 0.246245 0.019238 0.190127
1 0.499019 0.044087 0.018428 0.013994
1 0.684609 0.024482 0.414531 0.030098
1 0.900688 0.051279 0.022725 0.083418
1 0.900806 0.345449 0.022686 0.161602
1 0.900986 0.584390 0.022695 0.146455
1 0.901201 0.860249 0.022578 0.037100
1 0.901074 0.807959 0.022461 0.072363
1 0.683965 0.867349 0.415664 0.023115
1 0.303726 0.867476 0.117939 0.023213
1 0.065479 0.867383 0.130957 0.022656
2 0.420337 0.867422 0.114795 0.022676
0 0.771899 0.536943 0.085908 0.014258
0 0.495640 0.396040 0.013760 0.086318
0 0.178667 0.182632 0.100498 0.013271
0 0.179497 0.033682 0.100166 0.013887
1 0.272036 0.034033 0.085576 0.013926
0 0.420674 0.024707 0.113223 0.030859
0 0.499507 0.100991 0.018213 0.100791
2 0.900464 0.122285 0.021670 0.060977
2 0.900039 0.208789 0.023320 0.111523
2 0.901011 0.468789 0.021670 0.086602
2 0.900840 0.714038 0.021660 0.115186
1 0.325186 0.316240 0.023809 0.279551
1 0.272695 0.182539 0.086836 0.014023
1 0.064307 0.034199 0.128613 0.014687
1 0.110161 0.115684 0.014639 0.148281
1 0.122900 0.182686 0.010723 0.013730
1 0.338496 0.024146 0.049004 0.029541
1 0.328877 0.004673 0.029766 0.009346
