1 0.799810 0.976187 0.014580 0.020049
0 0.799824 0.937715 0.014609 0.056504
0 0.516167 0.757417 0.006553 0.042100
2 0.356338 0.790566 0.011738 0.065156
2 0.356304 0.879790 0.011748 0.113076
1 0.350000 0.950063 0.024805 0.011924
1 0.356392 0.946172 0.011826 0.019688
2 0.318486 0.950000 0.037754 0.011914
2 0.266851 0.949990 0.065146 0.011699
2 0.606348 0.370459 0.011719 0.037207
2 0.606162 0.324634 0.011719 0.053955
2 0.740293 0.203081 0.011719 0.065537
2 0.740303 0.113970 0.011719 0.112705
0 0.838867 0.363628 0.011719 0.056748
0 0.917773 0.393833 0.006836 0.042021
1 0.960547 0.464233 0.078906 0.007979
1 0.931924 0.498735 0.021660 0.006631
1 0.939414 0.486689 0.006836 0.030508
1 0.968018 0.474551 0.063965 0.006445
0 0.976606 0.602402 0.046787 0.005859
0 0.879600 0.628730 0.056074 0.015664
2 0.935200 0.937739 0.010439 0.054189
2 0.935205 0.892388 0.010449 0.036318
1 0.648618 0.950972 0.007842 0.098057
1 0.633882 0.950972 0.006592 0.098057
1 0.556563 0.919512 0.040781 0.008164
1 0.533350 0.904458 0.005645 0.124834
1 0.527705 0.963896 0.016934 0.005957
2 0.606084 0.551147 0.011719 0.053955
2 0.606064 0.506265 0.011719 0.036006
0 0.838906 0.513398 0.011719 0.055898
1 0.741748 0.628740 0.219434 0.015625
1 0.491597 0.688428 0.282021 0.011230
1 0.356445 0.720313 0.011523 0.075000
1 0.516274 0.714648 0.006377 0.043164
1 0.516079 0.889258 0.006377 0.221484
1 0.576123 0.838911 0.113379 0.006143
1 0.719727 0.894282 0.175781 0.015146
1 0.800010 0.897949 0.015371 0.022715
1 0.861768 0.978369 0.137793 0.015332
1 0.935283 0.982568 0.010547 0.034863
1 0.935122 0.843135 0.011201 0.061797
1 0.964761 0.817500 0.070479 0.011562
1 0.937212 0.716934 0.015889 0.192090
1 0.926597 0.628613 0.037666 0.015703
1 0.945811 0.602412 0.014648 0.005879
1 0.941826 0.610664 0.006699 0.022461
1 0.917842 0.458403 0.006641 0.086729
1 0.960552 0.363105 0.078721 0.007383
1 0.838926 0.581787 0.011758 0.080566
1 0.639614 0.788672 0.015303 0.226562
1 0.831182 0.800967 0.009629 0.033105
1 0.776367 0.812285 0.119727 0.010312
1 0.721475 0.761621 0.010059 0.111328
1 0.776270 0.710986 0.119922 0.010254
1 0.223379 0.707388 0.013359 0.049912
1 0.225518 0.950264 0.016855 0.011133
1 0.222544 0.972314 0.010967 0.055371
1 0.607407 0.040278 0.012842 0.049014
1 0.935010 0.252769 0.041699 0.007881
1 0.917808 0.311021 0.006904 0.123408
1 0.857900 0.021025 0.246855 0.011289
1 0.740205 0.036406 0.011465 0.042090
1 0.673340 0.249976 0.145703 0.011377
1 0.606250 0.270762 0.011621 0.053711
1 0.740381 0.245889 0.011816 0.019727
1 0.790068 0.252378 0.088809 0.006650
1 0.839121 0.292061 0.011719 0.086191
1 0.838896 0.438784 0.011641 0.092959
1 0.722012 0.438286 0.222148 0.006436
1 0.606572 0.438818 0.011387 0.098926
1 0.606445 0.605347 0.011523 0.054346
1 0.616846 0.626812 0.032031 0.011240
1 0.774136 0.983115 0.037061 0.007695
1 0.759580 0.989609 0.008105 0.020781
