1 0.520171 0.113667 0.022939 0.056182
1 0.709805 0.150361 0.078828 0.022930
1 0.931475 0.150615 0.137051 0.023223
1 0.958135 0.495410 0.030742 0.674180
1 0.984834 0.822144 0.030332 0.022646
1 0.954395 0.915293 0.023828 0.169414
2 0.628086 0.149756 0.085273 0.021719
2 0.806519 0.149756 0.114795 0.021719
2 0.033223 0.097188 0.066445 0.022422
2 0.224004 0.097207 0.125176 0.021719
2 0.445981 0.097393 0.125166 0.021719
1 0.327939 0.112813 0.015801 0.012129
0 0.327783 0.176128 0.018457 0.115518
0 0.515674 0.289331 0.016504 0.085791
0 0.515967 0.422017 0.015332 0.085654
0 0.694775 0.557012 0.015527 0.100625
0 0.626577 0.626426 0.099912 0.014551
0 0.447417 0.626709 0.099912 0.014551
1 0.872891 0.550894 0.104063 0.014131
1 0.929771 0.496455 0.009287 0.333652
1 0.916641 0.333550 0.035469 0.007842
1 0.903481 0.248340 0.008994 0.178711
1 0.335054 0.097153 0.099014 0.022764
1 0.113687 0.097524 0.095283 0.023135
1 0.327930 0.239458 0.016055 0.011182
1 0.205640 0.258887 0.259229 0.028516
1 0.091201 0.364429 0.029941 0.241748
1 0.206118 0.469951 0.258330 0.030703
1 0.040229 0.469927 0.080459 0.030654
1 0.181396 0.840918 0.014941 0.318164
1 0.181538 0.628101 0.014072 0.071963
1 0.253340 0.672969 0.157656 0.022930
1 0.325571 0.628530 0.013760 0.072236
1 0.363564 0.626670 0.067363 0.013477
1 0.536792 0.626816 0.078584 0.014141
1 0.515625 0.816992 0.015586 0.366016
1 0.817344 0.672676 0.257891 0.023066
1 0.682964 0.626582 0.012842 0.013496
1 0.694868 0.634849 0.014170 0.057979
1 0.515557 0.470298 0.013926 0.009756
1 0.598545 0.485254 0.179844 0.020898
1 0.694873 0.436182 0.013770 0.140332
1 0.604985 0.370068 0.166963 0.008887
1 0.600547 0.347842 0.157188 0.008887
1 0.515513 0.355166 0.012881 0.048398
1 0.697329 0.265029 0.008916 0.206484
1 0.674473 0.256592 0.008437 0.190488
1 0.516016 0.202529 0.012891 0.087129
1 0.547261 0.150356 0.076533 0.023506
