1 0.573477 0.410742 0.085078 0.007422
1 0.540527 0.445215 0.006895 0.061914
1 0.546113 0.619629 0.015625 0.160937
1 0.508154 0.547026 0.091504 0.015811
1 0.470605 0.491211 0.016211 0.127148
1 0.249258 0.435479 0.008496 0.015527
1 0.394038 0.435234 0.169150 0.015254
1 0.213584 0.500576 0.034961 0.006543
1 0.130000 0.507979 0.005625 0.007910
1 0.090723 0.500391 0.110352 0.006836
1 0.129927 0.590186 0.005967 0.072168
1 0.012939 0.694902 0.025879 0.006836
1 0.018281 0.503516 0.036484 0.011914
1 0.074443 0.229272 0.076816 0.011475
1 0.216484 0.229146 0.059023 0.010850
1 0.240288 0.121680 0.011553 0.225781
1 0.261816 0.004346 0.054609 0.008691
1 0.452793 0.004312 0.178633 0.008623
1 0.432744 0.143604 0.006152 0.269629
1 0.429678 0.301924 0.011934 0.046875
1 0.533203 0.319385 0.218750 0.011816
1 0.385352 0.281543 0.077344 0.006621
1 0.267627 0.281650 0.043262 0.006621
1 0.238223 0.404590 0.015332 0.342187
1 0.282568 0.706431 0.104395 0.016416
1 0.238193 0.673540 0.015625 0.082217
1 0.189790 0.770918 0.008701 0.006680
1 0.197402 0.743262 0.006152 0.062109
1 0.091309 0.770571 0.090625 0.006631
1 0.106963 0.860405 0.006582 0.172373
1 0.089971 0.951855 0.088730 0.011328
1 0.286035 0.951855 0.118945 0.012109
1 0.339736 0.828027 0.011543 0.259570
1 0.396445 0.704189 0.124922 0.011738
1 0.589966 0.704077 0.113330 0.011768
1 0.849951 0.703979 0.300098 0.011963
1 0.030557 0.597852 0.011621 0.200586
1 0.774927 0.673584 0.006299 0.048730
0 0.023027 0.770488 0.046055 0.006836
1 0.093340 0.826719 0.020566 0.007109
1 0.086460 0.802148 0.007412 0.056250
1 0.093330 0.895625 0.020566 0.007109
1 0.086528 0.918975 0.007412 0.054238
1 0.589028 0.685708 0.069658 0.006885
1 0.620337 0.690137 0.007373 0.015918
1 0.749194 0.561050 0.044482 0.006885
1 0.730166 0.558989 0.006738 0.011143
1 0.761035 0.675400 0.006738 0.044746
1 0.764761 0.656104 0.014072 0.006348
2 0.017871 0.229326 0.035742 0.011465
1 0.753096 0.004263 0.099668 0.008525
1 0.797456 0.007070 0.011377 0.014141
1 0.994199 0.124595 0.011602 0.011494
0 0.751631 0.360879 0.006562 0.055527
2 0.933799 0.124590 0.108711 0.011484
2 0.798257 0.095146 0.013818 0.030527
2 0.671860 0.004326 0.061494 0.008652
0 0.317822 0.281650 0.057871 0.006816
2 0.798354 0.047192 0.013818 0.065088
2 0.610625 0.004243 0.060508 0.008486
2 0.561353 0.004297 0.037842 0.008594
2 0.344468 0.004272 0.037764 0.008545
2 0.307446 0.004248 0.036182 0.008496
2 0.168188 0.229341 0.037764 0.011436
2 0.131089 0.229336 0.035225 0.011055
2 0.514331 0.704043 0.037764 0.011797
2 0.477305 0.703945 0.036055 0.011797
2 0.673462 0.703882 0.052842 0.011807
2 0.207778 0.951870 0.036064 0.011807
2 0.162256 0.951870 0.054590 0.011807
2 0.022607 0.952148 0.045215 0.011797
0 0.637310 0.410620 0.042275 0.007197
1 0.475088 0.417207 0.007148 0.020234
1 0.402246 0.412148 0.138477 0.010078
1 0.336016 0.417285 0.006055 0.020313
1 0.483623 0.410688 0.009473 0.006729
1 0.634922 0.537822 0.070039 0.006484
1 0.551885 0.503193 0.005664 0.057109
1 0.577207 0.529199 0.056719 0.006250
1 0.602783 0.533545 0.005762 0.014941
1 0.589014 0.560864 0.070020 0.007334
1 0.644492 0.550771 0.052031 0.005879
1 0.621406 0.556182 0.005566 0.016992
0 0.713281 0.480127 0.057812 0.006543
0 0.774932 0.620220 0.006191 0.057236
1 0.539604 0.507524 0.005186 0.062803
1 0.545767 0.477988 0.017861 0.007031
0 0.509736 0.410601 0.042480 0.006943
0 0.281528 0.435205 0.055635 0.015332
0 0.238184 0.604004 0.015625 0.056445
1 0.084819 0.689673 0.097236 0.016631
1 0.129932 0.674385 0.006348 0.013574
0 0.129912 0.646885 0.006113 0.041211
1 0.081816 0.590615 0.090781 0.007715
1 0.081670 0.609287 0.090781 0.007715
0 0.129941 0.533066 0.006113 0.042109
0 0.171045 0.500342 0.050098 0.006934
0 0.161035 0.770605 0.048438 0.006836
1 0.211904 0.700303 0.036719 0.006445
1 0.211904 0.711772 0.036719 0.005947
1 0.196475 0.705967 0.006055 0.017773
1 0.797021 0.120391 0.010859 0.019883
1 0.835508 0.124722 0.087617 0.011299
1 0.874102 0.319390 0.251797 0.011631
1 0.751777 0.329072 0.005957 0.008301
1 0.751660 0.432764 0.006836 0.087598
1 0.871240 0.480059 0.257520 0.006875
1 0.774912 0.568750 0.006934 0.045508
1 0.724414 0.549609 0.108008 0.007227
1 0.680718 0.480137 0.007139 0.006348
1 0.664287 0.410713 0.011914 0.006777
1 0.673633 0.480273 0.006641 0.146094
