0 0.603901 0.040044 0.085693 0.013193
0 0.898789 0.037461 0.100273 0.018711
0 0.975254 0.115415 0.029316 0.113818
0 0.817202 0.356968 0.014951 0.100693
0 0.965659 0.357275 0.014033 0.099473
2 0.771025 0.904912 0.060176 0.020742
2 0.684180 0.905146 0.113516 0.020742
2 0.482690 0.905234 0.117158 0.022559
2 0.366519 0.905483 0.114854 0.022686
1 0.132480 0.232773 0.022578 0.117852
1 0.132588 0.029897 0.022207 0.059795
1 0.975386 0.197471 0.029580 0.049063
1 0.817334 0.263271 0.014746 0.087676
1 0.683804 0.210840 0.278877 0.022461
1 0.549780 0.405103 0.014561 0.369775
1 0.586396 0.583105 0.087793 0.013770
1 0.623120 0.735791 0.014365 0.319238
1 0.583882 0.904746 0.088389 0.022539
1 0.232764 0.904658 0.153613 0.022578
1 0.139727 0.904761 0.036758 0.022021
1 0.132520 0.650923 0.022656 0.489561
1 0.817036 0.413179 0.014561 0.010771
1 0.884375 0.425947 0.148828 0.014297
1 0.956113 0.037075 0.013926 0.018604
1 0.975537 0.029292 0.030566 0.058584
1 0.653457 0.039668 0.013008 0.013008
1 0.680156 0.037368 0.043652 0.019248
1 0.662285 0.014551 0.008359 0.029102
1 0.697505 0.014727 0.009482 0.029277
1 0.774092 0.037222 0.149648 0.019502
1 0.463340 0.017529 0.013828 0.035059
1 0.471338 0.039927 0.180000 0.014072
1 0.881885 0.904722 0.162793 0.022920
1 0.971680 0.871650 0.022070 0.089121
1 0.979775 0.818276 0.039492 0.022881
1 0.965771 0.608594 0.014551 0.402344
1 0.965659 0.263701 0.014326 0.087559
1 0.980293 0.207007 0.039414 0.030107
2 0.132686 0.349116 0.021934 0.115459
2 0.132598 0.116099 0.022246 0.114385
