1 0.729897 0.706646 0.005850 0.038643
1 0.736162 0.690850 0.018359 0.007363
2 0.673154 0.731553 0.052832 0.011230
2 0.533159 0.731719 0.038584 0.010840
2 0.571118 0.731826 0.037256 0.010762
1 0.499956 0.686646 0.022354 0.006963
1 0.507393 0.704639 0.007793 0.043262
2 0.414980 0.657842 0.050586 0.013301
2 0.359258 0.658018 0.060703 0.013301
2 0.298091 0.658193 0.061221 0.013301
2 0.210938 0.658154 0.112500 0.013301
2 0.153027 0.628892 0.014453 0.054326
1 0.124775 0.476631 0.024902 0.006465
1 0.124775 0.514902 0.024902 0.006094
1 0.115127 0.495757 0.005957 0.044736
2 0.152979 0.415933 0.014902 0.111963
1 0.125039 0.334458 0.024102 0.005889
1 0.115928 0.344370 0.005879 0.026123
1 0.124839 0.354395 0.024092 0.006074
2 0.420649 0.117114 0.038467 0.011963
2 0.372251 0.117314 0.057920 0.011973
2 0.311353 0.117271 0.063838 0.011943
1 0.806001 0.222593 0.007881 0.102256
1 0.839502 0.270464 0.074922 0.006904
1 0.874536 0.278169 0.005674 0.022275
1 0.837573 0.286768 0.078369 0.005898
1 0.896401 0.301055 0.006475 0.022676
1 0.872300 0.303179 0.006865 0.026533
1 0.884053 0.313804 0.030781 0.005283
1 0.893184 0.349546 0.012930 0.069072
0 0.927930 0.388779 0.042773 0.009785
1 0.989146 0.336694 0.017412 0.093760
0 0.643711 0.571133 0.005781 0.041699
2 0.837490 0.732622 0.076777 0.013975
2 0.909463 0.732725 0.066426 0.014180
1 0.966514 0.071611 0.007500 0.024082
1 0.981392 0.079917 0.037217 0.007197
2 0.934932 0.054316 0.053320 0.010840
1 0.790820 0.219043 0.014551 0.193750
1 0.838130 0.167002 0.079580 0.007324
1 0.792690 0.085879 0.011553 0.074102
1 0.788887 0.117480 0.019043 0.010840
1 0.847632 0.054365 0.121436 0.010840
1 0.980874 0.054258 0.038252 0.010625
1 0.852271 0.388857 0.108506 0.009609
1 0.974687 0.388623 0.050625 0.010078
1 0.795186 0.385664 0.006113 0.016641
1 0.937671 0.286187 0.124658 0.006748
2 0.752998 0.117554 0.052539 0.011182
1 0.619316 0.309800 0.032578 0.011260
1 0.787280 0.323564 0.021533 0.015098
1 0.710010 0.323413 0.021582 0.015576
1 0.578506 0.323413 0.119805 0.014971
1 0.526353 0.226514 0.015400 0.208887
1 0.583511 0.117627 0.286357 0.010840
1 0.971191 0.731548 0.057617 0.011533
1 0.992690 0.616357 0.007061 0.221582
1 0.972471 0.502344 0.055059 0.006445
1 0.795381 0.478574 0.006836 0.040527
1 0.767920 0.502246 0.242480 0.006641
1 0.741685 0.596631 0.006924 0.181934
1 0.749263 0.731660 0.099346 0.011484
1 0.503721 0.463730 0.065449 0.009980
1 0.625532 0.463809 0.042178 0.009980
1 0.643628 0.508965 0.005908 0.082090
1 0.643506 0.659424 0.006348 0.134473
1 0.618213 0.731855 0.056738 0.010840
1 0.483066 0.731792 0.011328 0.011143
1 0.500601 0.731709 0.026533 0.010938
1 0.482993 0.689468 0.011162 0.076338
1 0.464961 0.656885 0.048809 0.011133
1 0.154448 0.536567 0.011748 0.129990
1 0.154199 0.117925 0.011406 0.011299
1 0.154194 0.241265 0.011709 0.237979
1 0.218975 0.117964 0.121133 0.011533
1 0.608330 0.255239 0.010684 0.120439
1 0.658540 0.200200 0.110850 0.010459
1 0.708955 0.255073 0.010156 0.120518
0 0.668882 0.323467 0.060791 0.014902
0 0.748667 0.323452 0.055596 0.015596
0 0.795215 0.356152 0.006250 0.041992
1 0.795249 0.333105 0.005771 0.003906
0 0.917100 0.502246 0.055449 0.006836
1 0.692334 0.518687 0.091074 0.005498
1 0.741733 0.706846 0.007139 0.038242
