1 0.882422 0.600146 0.017598 0.013125
1 0.968203 0.083418 0.063594 0.031680
1 0.951299 0.049473 0.030410 0.098945
1 0.899365 0.382373 0.020605 0.144453
1 0.954883 0.447935 0.090234 0.014365
1 0.951416 0.595933 0.097168 0.022529
1 0.896206 0.579648 0.013896 0.054590
1 0.765332 0.600376 0.015977 0.013428
1 0.747788 0.552231 0.022881 0.105908
1 0.743691 0.734463 0.013789 0.258418
1 0.564814 0.873530 0.369082 0.023096
1 0.371670 0.869678 0.022832 0.030957
1 0.371650 0.803086 0.022988 0.107090
1 0.371602 0.407915 0.023594 0.224033
1 0.371851 0.090649 0.023525 0.067783
1 0.340957 0.068706 0.085313 0.023838
1 0.288101 0.040313 0.023525 0.080625
1 0.748081 0.355557 0.023564 0.088184
1 0.931367 0.873511 0.137266 0.023955
0 0.748315 0.449561 0.024678 0.098730
0 0.896890 0.509209 0.016631 0.084687
1 0.896548 0.460513 0.013857 0.011514
0 0.823633 0.599736 0.099980 0.016797
2 0.807256 0.874146 0.115020 0.022256
2 0.369971 0.692227 0.023145 0.114492
2 0.369917 0.577451 0.023057 0.114824
2 0.370845 0.240142 0.021982 0.111338
2 0.370991 0.154800 0.022275 0.059854
