1 0.566572 0.382104 0.078770 0.012939
1 0.599150 0.414014 0.013438 0.076855
1 0.694258 0.460000 0.204492 0.020156
1 0.601880 0.543350 0.019736 0.186016
1 0.500488 0.626279 0.221680 0.019316
1 0.399487 0.584707 0.019736 0.102461
1 0.229453 0.543560 0.359062 0.019326
1 0.039912 0.543760 0.026230 0.278926
1 0.039956 0.914985 0.026338 0.055518
1 0.238652 0.929414 0.423789 0.026660
1 0.686929 0.929165 0.318330 0.026494
1 0.987012 0.929995 0.025977 0.024834
1 0.809219 0.877437 0.030430 0.081553
1 0.229185 0.950166 0.438838 0.020566
1 0.018569 0.924082 0.019170 0.071953
1 0.686948 0.949658 0.317100 0.020801
1 0.987085 0.949941 0.025830 0.020234
0 0.809106 0.303213 0.030635 0.115449
0 0.476782 0.382266 0.100439 0.012578
0 0.726963 0.704282 0.100547 0.012666
2 0.038032 0.239404 0.029854 0.078613
2 0.038101 0.341890 0.030381 0.126025
1 0.421968 0.149575 0.742568 0.020420
0 0.808628 0.065869 0.031084 0.114746
1 0.808296 0.004263 0.030264 0.008525
1 0.997686 0.003232 0.004629 0.006465
0 0.997344 0.065269 0.005313 0.113486
0 0.996313 0.311846 0.007373 0.114180
1 0.996997 0.188042 0.006006 0.130674
0 0.996982 0.779712 0.006035 0.112334
1 0.996802 0.547583 0.006396 0.350811
1 0.996968 0.876533 0.006064 0.080840
0 0.910415 0.932412 0.127803 0.030918
0 0.809258 0.780645 0.030254 0.114863
2 0.488818 0.929893 0.079785 0.035078
2 0.038071 0.745732 0.029795 0.122793
2 0.037559 0.848511 0.029805 0.080615
1 0.018662 0.104932 0.019355 0.190332
1 0.020000 0.544102 0.020156 0.277070
1 0.411328 0.382417 0.030605 0.012471
1 0.402603 0.455166 0.013604 0.157891
1 0.809004 0.184888 0.031094 0.122432
1 0.040259 0.104141 0.026240 0.190449
1 0.786074 0.704541 0.017793 0.012676
1 0.396270 0.673633 0.013770 0.075332
1 0.637554 0.704536 0.078408 0.012959
1 0.604751 0.673057 0.012803 0.076348
1 0.809209 0.541167 0.030664 0.361416
