0 0.199541 0.394360 0.114336 0.030068
1 0.087944 0.713735 0.028350 0.256377
1 0.921968 0.331094 0.024033 0.108613
1 0.907769 0.288477 0.052275 0.023691
1 0.578711 0.284746 0.610547 0.031406
1 0.288525 0.634570 0.030566 0.730859
1 0.266221 0.394355 0.018555 0.029570
1 0.268789 0.988745 0.012773 0.022510
1 0.278843 0.233169 0.013604 0.076689
1 0.922412 0.672661 0.023926 0.234111
1 0.922065 0.980127 0.023232 0.039746
1 0.701318 0.626968 0.423535 0.015088
1 0.496885 0.746772 0.014824 0.254697
1 0.485234 0.851855 0.013613 0.012852
1 0.497041 0.987646 0.013730 0.024707
1 0.070972 0.394746 0.141943 0.030430
1 0.120811 0.274707 0.019961 0.213086
1 0.121084 0.033911 0.019512 0.067822
1 0.278672 0.081665 0.013594 0.024854
1 0.316357 0.076152 0.088965 0.014219
1 0.353809 0.041636 0.014023 0.083271
1 0.872876 0.192915 0.023408 0.158760
1 0.051123 0.827466 0.102246 0.029033
1 0.074023 0.988428 0.148047 0.023145
0 0.278594 0.144575 0.013301 0.100537
2 0.873032 0.026885 0.022100 0.053770
2 0.872603 0.084248 0.022100 0.060879
2 0.922471 0.513447 0.022109 0.085293
2 0.921978 0.427212 0.022100 0.085225
2 0.921978 0.915918 0.022100 0.088672
2 0.921851 0.830674 0.022100 0.081309
0 0.497197 0.924556 0.014199 0.101025
0 0.428247 0.852036 0.099912 0.013682
1 0.341006 0.852290 0.074961 0.013213
0 0.120259 0.117861 0.018818 0.099785
