1 0.940918 0.572998 0.022070 0.117090
1 0.272793 0.593066 0.029590 0.148535
1 0.940918 0.901709 0.022656 0.196582
1 0.677051 0.069009 0.106250 0.021943
1 0.273340 0.228613 0.029102 0.342383
1 0.301416 0.375830 0.030371 0.013379
1 0.003271 0.879736 0.006543 0.012207
1 0.187793 0.879639 0.161523 0.013574
1 0.276904 0.921387 0.022168 0.157227
1 0.581357 0.332617 0.102754 0.007617
1 0.533472 0.344160 0.007471 0.030352
1 0.489341 0.355806 0.096064 0.007139
1 0.444604 0.363867 0.007275 0.023965
1 0.887524 0.187412 0.085752 0.013496
1 0.066807 0.068896 0.133574 0.021973
1 0.880664 0.068945 0.071289 0.022070
1 0.934038 0.068799 0.034658 0.020996
1 0.940869 0.238965 0.021777 0.318555
1 0.068213 0.251563 0.027441 0.069336
1 0.040967 0.230371 0.081934 0.026953
1 0.143848 0.652344 0.287695 0.029883
1 0.461865 0.419434 0.022949 0.073633
1 0.536973 0.563232 0.173125 0.019141
2 0.942031 0.760146 0.021484 0.085566
0 0.057134 0.879565 0.099814 0.016885
0 0.276855 0.792090 0.024219 0.100195
0 0.272949 0.457197 0.029297 0.115684
1 0.461240 0.557603 0.021699 0.031084
1 0.676943 0.566113 0.105664 0.013359
1 0.651123 0.320166 0.008105 0.479590
1 0.707275 0.187549 0.103418 0.013184
1 0.432598 0.375684 0.030039 0.013672
1 0.628423 0.470610 0.007607 0.176377
1 0.539165 0.378628 0.186143 0.008369
1 0.628188 0.208149 0.008467 0.256943
0 0.366406 0.376265 0.097461 0.016982
0 0.461621 0.498896 0.022266 0.085605
0 0.801377 0.187188 0.085254 0.016641
2 0.940986 0.456396 0.021484 0.114746
2 0.941699 0.673779 0.021484 0.087012
2 0.196094 0.069155 0.126367 0.022256
2 0.566846 0.068188 0.115469 0.022256
2 0.787187 0.068843 0.115469 0.022256
1 0.068101 0.438232 0.027783 0.031504
1 0.397983 0.068867 0.224092 0.022852
1 0.339771 0.099487 0.107666 0.008799
1 0.389272 0.092471 0.008428 0.022793
1 0.040918 0.440332 0.081836 0.027344
1 0.276758 0.703174 0.022266 0.076660
