0 0.517100 0.203545 0.017031 0.085996
0 0.516982 0.399771 0.017031 0.101416
0 0.431738 0.705737 0.115625 0.032627
0 0.207759 0.903330 0.100049 0.016348
2 0.930273 0.788433 0.023828 0.136045
2 0.931255 0.200903 0.022256 0.086182
1 0.930957 0.875317 0.021289 0.035498
1 0.931104 0.946631 0.021582 0.106738
1 0.769785 0.928750 0.027363 0.142500
1 0.664731 0.871191 0.237471 0.027344
1 0.559951 0.928906 0.027051 0.142188
1 0.715332 0.706055 0.453125 0.028516
1 0.930786 0.628667 0.021924 0.126865
1 0.931299 0.318086 0.021973 0.148281
1 0.931299 0.021997 0.021387 0.043994
1 0.931006 0.101382 0.022363 0.113838
1 0.460156 0.015088 0.920312 0.030176
1 0.181265 0.532227 0.361104 0.029688
1 0.367847 0.706216 0.011885 0.028779
1 0.295781 0.903521 0.074883 0.012705
1 0.517090 0.571265 0.012695 0.241260
1 0.516997 0.297793 0.012646 0.101680
2 0.930669 0.435337 0.022256 0.085771
1 0.721924 0.264990 0.396777 0.018848
1 0.558066 0.090210 0.007695 0.121143
1 0.538398 0.147212 0.030957 0.007139
1 0.514331 0.086606 0.006885 0.113701
1 0.516846 0.151777 0.011719 0.016309
1 0.381597 0.149204 0.018838 0.238115
1 0.334507 0.261797 0.074678 0.013477
1 0.078638 0.903452 0.157275 0.012959
1 0.120313 0.955181 0.013477 0.089639
1 0.348188 0.758999 0.029482 0.482002
2 0.930625 0.521099 0.022266 0.085771
