1 0.566572 0.617896 0.078770 0.012939
1 0.599150 0.585986 0.013438 0.076855
1 0.694258 0.540000 0.204492 0.020156
1 0.601880 0.456650 0.019736 0.186016
1 0.500488 0.373721 0.221680 0.019316
1 0.399487 0.415293 0.019736 0.102461
1 0.229453 0.456440 0.359062 0.019326
1 0.039912 0.456240 0.026230 0.278926
1 0.039956 0.085015 0.026338 0.055518
1 0.238652 0.070586 0.423789 0.026660
1 0.686929 0.070835 0.318330 0.026494
1 0.987012 0.070005 0.025977 0.024834
1 0.809219 0.122563 0.030430 0.081553
1 0.229185 0.049834 0.438838 0.020566
1 0.018569 0.075918 0.019170 0.071953
1 0.686948 0.050342 0.317100 0.020801
1 0.987085 0.050059 0.025830 0.020234
0 0.809106 0.696787 0.030635 0.115449
0 0.476782 0.617734 0.100439 0.012578
0 0.726963 0.295718 0.100547 0.012666
2 0.038032 0.760596 0.029854 0.078613
2 0.038101 0.658110 0.030381 0.126025
1 0.421968 0.850425 0.742568 0.020420
0 0.808628 0.934131 0.031084 0.114746
1 0.808296 0.995737 0.030264 0.008525
1 0.997686 0.996768 0.004629 0.006465
0 0.997344 0.934731 0.005313 0.113486
0 0.996313 0.688154 0.007373 0.114180
1 0.996997 0.811958 0.006006 0.130674
0 0.996982 0.220288 0.006035 0.112334
1 0.996802 0.452417 0.006396 0.350811
1 0.996968 0.123467 0.006064 0.080840
0 0.910415 0.067588 0.127803 0.030918
0 0.809258 0.219355 0.030254 0.114863
2 0.488818 0.070107 0.079785 0.035078
2 0.038071 0.254268 0.029795 0.122793
2 0.037559 0.151489 0.029805 0.080615
1 0.018662 0.895068 0.019355 0.190332
1 0.020000 0.455898 0.020156 0.277070
1 0.411328 0.617583 0.030605 0.012471
1 0.402603 0.544834 0.013604 0.157891
1 0.809004 0.815112 0.031094 0.122432
1 0.040259 0.895859 0.026240 0.190449
1 0.786074 0.295459 0.017793 0.012676
1 0.396270 0.326367 0.013770 0.075332
1 0.637554 0.295464 0.078408 0.012959
1 0.604751 0.326943 0.012803 0.076348
1 0.809209 0.458833 0.030664 0.361416
