1 0.113667 0.479829 0.056182 0.022939
1 0.150361 0.290195 0.022930 0.078828
1 0.150615 0.068525 0.023223 0.137051
1 0.495410 0.041865 0.674180 0.030742
1 0.822144 0.015166 0.022646 0.030332
1 0.915293 0.045605 0.169414 0.023828
2 0.149756 0.371914 0.021719 0.085273
2 0.149756 0.193481 0.021719 0.114795
2 0.097188 0.966777 0.022422 0.066445
2 0.097207 0.775996 0.021719 0.125176
2 0.097393 0.554019 0.021719 0.125166
1 0.112813 0.672061 0.012129 0.015801
0 0.176128 0.672217 0.115518 0.018457
0 0.289331 0.484326 0.085791 0.016504
0 0.422017 0.484033 0.085654 0.015332
0 0.557012 0.305225 0.100625 0.015527
0 0.626426 0.373423 0.014551 0.099912
0 0.626709 0.552583 0.014551 0.099912
1 0.550894 0.127109 0.014131 0.104063
1 0.496455 0.070229 0.333652 0.009287
1 0.333550 0.083359 0.007842 0.035469
1 0.248340 0.096519 0.178711 0.008994
1 0.097153 0.664946 0.022764 0.099014
1 0.097524 0.886313 0.023135 0.095283
1 0.239458 0.672070 0.011182 0.016055
1 0.258887 0.794360 0.028516 0.259229
1 0.364429 0.908799 0.241748 0.029941
1 0.469951 0.793882 0.030703 0.258330
1 0.469927 0.959771 0.030654 0.080459
1 0.840918 0.818604 0.318164 0.014941
1 0.628101 0.818462 0.071963 0.014072
1 0.672969 0.746660 0.022930 0.157656
1 0.628530 0.674429 0.072236 0.013760
1 0.626670 0.636436 0.013477 0.067363
1 0.626816 0.463208 0.014141 0.078584
1 0.816992 0.484375 0.366016 0.015586
1 0.672676 0.182656 0.023066 0.257891
1 0.626582 0.317036 0.013496 0.012842
1 0.634849 0.305132 0.057979 0.014170
1 0.470298 0.484443 0.009756 0.013926
1 0.485254 0.401455 0.020898 0.179844
1 0.436182 0.305127 0.140332 0.013770
1 0.370068 0.395015 0.008887 0.166963
1 0.347842 0.399453 0.008887 0.157188
1 0.355166 0.484487 0.048398 0.012881
1 0.265029 0.302671 0.206484 0.008916
1 0.256592 0.325527 0.190488 0.008437
1 0.202529 0.483984 0.087129 0.012891
1 0.150356 0.452739 0.023506 0.076533
