1 0.896992 0.926099 0.036152 0.022842
1 0.065117 0.926372 0.130234 0.022900
1 0.350127 0.926382 0.212695 0.022881
1 0.469302 0.716406 0.030107 0.442578
1 0.446636 0.807666 0.007334 0.214941
1 0.429204 0.704297 0.042178 0.008145
1 0.412187 0.667222 0.008145 0.082295
1 0.392139 0.615723 0.128223 0.022227
1 0.135708 0.615537 0.153643 0.022227
1 0.094946 0.829053 0.008057 0.175879
1 0.078774 0.745029 0.040752 0.007539
1 0.048779 0.832964 0.008301 0.168271
1 0.051616 0.615278 0.013564 0.266689
1 0.029214 0.489097 0.058428 0.014131
1 0.165005 0.350625 0.181318 0.023203
1 0.080435 0.170449 0.013584 0.340898
1 0.469434 0.190239 0.030469 0.380479
1 0.413125 0.350581 0.086250 0.021787
1 0.741396 0.354136 0.517207 0.029990
1 0.869429 0.334526 0.013213 0.012783
1 0.869614 0.220464 0.012705 0.014365
1 0.864551 0.207920 0.211914 0.013457
1 0.765459 0.107349 0.014004 0.214697
1 0.674414 0.743701 0.028125 0.071191
1 0.787988 0.765112 0.255273 0.028369
1 0.901621 0.660059 0.028105 0.238477
1 0.788359 0.554937 0.254844 0.028135
1 0.770796 0.926021 0.220498 0.022881
0 0.312852 0.350205 0.113906 0.022910
0 0.469727 0.438042 0.029688 0.114756
0 0.270425 0.615430 0.115791 0.021680
0 0.869727 0.278428 0.013867 0.100410
0 0.985313 0.207373 0.029375 0.014355
2 0.957690 0.926157 0.084619 0.025654
2 0.542764 0.926157 0.116953 0.021104
2 0.631216 0.925923 0.059248 0.020908
2 0.187573 0.926523 0.114893 0.022910
