2 0.867090 0.188643 0.021875 0.115488
1 0.449922 0.157764 0.014883 0.315527
1 0.536621 0.853442 0.013867 0.076650
1 0.346807 0.495981 0.011914 0.013857
1 0.528906 0.496191 0.179102 0.013867
1 0.536582 0.614805 0.013203 0.227461
1 0.436089 0.660396 0.189541 0.007295
1 0.436572 0.706626 0.189160 0.007295
1 0.334595 0.752896 0.013818 0.277217
1 0.319956 0.610039 0.043877 0.007969
1 0.337754 0.556299 0.008164 0.099512
1 0.302695 0.557080 0.009102 0.097559
1 0.246245 0.498779 0.190127 0.019238
1 0.044087 0.499019 0.013994 0.018428
1 0.024482 0.684609 0.030098 0.414531
1 0.051279 0.900688 0.083418 0.022725
1 0.345449 0.900806 0.161602 0.022686
1 0.584390 0.900986 0.146455 0.022695
1 0.860249 0.901201 0.037100 0.022578
1 0.807959 0.901074 0.072363 0.022461
1 0.867349 0.683965 0.023115 0.415664
1 0.867476 0.303726 0.023213 0.117939
1 0.867383 0.065479 0.022656 0.130957
2 0.867422 0.420337 0.022676 0.114795
0 0.536943 0.771899 0.014258 0.085908
0 0.396040 0.495640 0.086318 0.013760
0 0.182632 0.178667 0.013271 0.100498
0 0.033682 0.179497 0.013887 0.100166
1 0.034033 0.272036 0.013926 0.085576
0 0.024707 0.420674 0.030859 0.113223
0 0.100991 0.499507 0.100791 0.018213
2 0.122285 0.900464 0.060977 0.021670
2 0.208789 0.900039 0.111523 0.023320
2 0.468789 0.901011 0.086602 0.021670
2 0.714038 0.900840 0.115186 0.021660
1 0.316240 0.325186 0.279551 0.023809
1 0.182539 0.272695 0.014023 0.086836
1 0.034199 0.064307 0.014687 0.128613
1 0.115684 0.110161 0.148281 0.014639
1 0.182686 0.122900 0.013730 0.010723
1 0.024146 0.338496 0.029541 0.049004
1 0.004673 0.328877 0.009346 0.029766
