1 0.476685 0.846704 0.022217 0.087861
0 0.969780 0.516450 0.060439 0.011338
2 0.210576 0.032275 0.023340 0.064551
2 0.210566 0.127705 0.022695 0.126113
2 0.383481 0.305679 0.130244 0.027314
2 0.280112 0.305889 0.075713 0.027344
2 0.474312 0.477466 0.027334 0.132373
2 0.474316 0.673301 0.027344 0.259062
2 0.968115 0.879487 0.063770 0.022256
1 0.856406 0.766182 0.036758 0.012070
1 0.868311 0.813931 0.012695 0.107061
1 0.723823 0.304116 0.552354 0.023506
1 0.220010 0.303867 0.043848 0.023613
1 0.210161 0.253276 0.023037 0.124795
1 0.920332 0.203042 0.011680 0.179678
1 0.956953 0.119585 0.084922 0.012705
1 0.209688 0.843579 0.021016 0.093115
1 0.700723 0.879268 0.470195 0.022227
1 0.831646 0.690137 0.012236 0.358594
1 0.882285 0.516455 0.114141 0.011230
1 0.476489 0.363887 0.022139 0.095117
