1 0.450029 0.411460 0.078770 0.013154
0 0.010596 0.806895 0.021191 0.112402
0 0.539834 0.411396 0.100000 0.013047
2 0.583931 0.968267 0.080420 0.043545
2 0.457300 0.968242 0.078564 0.043496
2 0.106138 0.963862 0.127861 0.036260
0 0.206460 0.808247 0.030967 0.112666
0 0.288877 0.733560 0.100625 0.012627
0 0.207036 0.340503 0.030674 0.113604
0 0.010830 0.331675 0.021660 0.111299
0 0.011079 0.094351 0.022158 0.112061
0 0.207119 0.095117 0.030742 0.115137
2 0.973228 0.019810 0.028662 0.039619
2 0.972412 0.270352 0.029199 0.079277
2 0.972217 0.372798 0.029727 0.124834
2 0.971606 0.775371 0.029150 0.124258
2 0.971919 0.878496 0.029717 0.080840
1 0.969727 0.945850 0.025977 0.052832
1 0.803086 0.959971 0.360332 0.026016
1 0.294482 0.959316 0.249707 0.026016
1 0.206396 0.905781 0.031152 0.082109
1 0.021089 0.958252 0.042178 0.026719
1 0.010400 0.917930 0.020801 0.107363
1 0.010742 0.568989 0.021484 0.362002
1 0.011108 0.213052 0.022217 0.124170
1 0.011108 0.019043 0.022217 0.038086
1 0.207173 0.218047 0.031084 0.130508
1 0.324028 0.255356 0.208271 0.020068
1 0.417813 0.218008 0.020078 0.095391
1 0.683906 0.180537 0.552891 0.020371
1 0.971113 0.135044 0.025742 0.189814
1 0.970151 0.574121 0.025752 0.278516
1 0.783320 0.573701 0.351992 0.020234
1 0.616479 0.614761 0.019209 0.102119
1 0.515137 0.655850 0.222461 0.019160
1 0.414194 0.572900 0.020439 0.185645
1 0.323174 0.489717 0.202793 0.019512
1 0.206865 0.574395 0.030937 0.353164
1 0.229019 0.733516 0.018428 0.012969
1 0.378164 0.733921 0.078164 0.012959
1 0.410767 0.702329 0.012959 0.076143
1 0.619678 0.703159 0.012988 0.075322
1 0.613804 0.485205 0.013428 0.159668
1 0.605244 0.411558 0.030781 0.012959
1 0.417529 0.442554 0.013770 0.075342
1 0.206777 0.018706 0.030176 0.037412
1 0.991045 0.134800 0.017910 0.190166
1 0.990503 0.573945 0.018994 0.277305
1 0.989775 0.954092 0.020449 0.071504
1 0.811768 0.980020 0.376465 0.021016
1 0.520649 0.959351 0.048994 0.026123
1 0.521006 0.979307 0.047539 0.020332
1 0.294028 0.979004 0.247822 0.020078
1 0.020605 0.979790 0.041211 0.019131
