0 0.526836 0.651104 0.016934 0.100996
2 0.090703 0.021782 0.022578 0.043564
2 0.091123 0.210137 0.022578 0.136367
2 0.143818 0.837988 0.022578 0.115430
2 0.143809 0.577852 0.022578 0.060508
1 0.508066 0.917383 0.007734 0.108965
1 0.485693 0.867012 0.052949 0.008223
1 0.463672 0.916914 0.008984 0.108027
1 0.833906 0.525547 0.332187 0.014180
1 0.660352 0.563481 0.019336 0.086475
1 0.647300 0.725645 0.009619 0.013301
1 0.660659 0.839355 0.019521 0.264453
1 0.566313 0.984033 0.867373 0.030957
2 0.144136 0.491177 0.022588 0.111982
1 0.091172 0.092778 0.022871 0.098350
1 0.107119 0.288750 0.055488 0.023594
1 0.144390 0.370566 0.022549 0.128633
1 0.305615 0.292778 0.345605 0.030264
1 0.463145 0.223535 0.030098 0.168359
1 0.251929 0.071045 0.027412 0.142090
1 0.358174 0.128398 0.239902 0.028359
1 0.463032 0.071289 0.030225 0.142578
1 0.503345 0.293008 0.055889 0.029785
1 0.526592 0.452861 0.013652 0.294277
1 0.347485 0.725703 0.386963 0.013789
1 0.526533 0.711270 0.012754 0.018047
1 0.144014 0.693535 0.022773 0.174336
1 0.143740 0.933193 0.022773 0.077266
0 0.591694 0.725439 0.101377 0.017090
0 0.660269 0.656982 0.021846 0.099512
