1 0.846704 0.476685 0.087861 0.022217
0 0.516450 0.969780 0.011338 0.060439
2 0.032275 0.210576 0.064551 0.023340
2 0.127705 0.210566 0.126113 0.022695
2 0.305679 0.383481 0.027314 0.130244
2 0.305889 0.280112 0.027344 0.075713
2 0.477466 0.474312 0.132373 0.027334
2 0.673301 0.474316 0.259062 0.027344
2 0.879487 0.968115 0.022256 0.063770
1 0.766182 0.856406 0.012070 0.036758
1 0.813931 0.868311 0.107061 0.012695
1 0.304116 0.723823 0.023506 0.552354
1 0.303867 0.220010 0.023613 0.043848
1 0.253276 0.210161 0.124795 0.023037
1 0.203042 0.920332 0.179678 0.011680
1 0.119585 0.956953 0.012705 0.084922
1 0.843579 0.209688 0.093115 0.021016
1 0.879268 0.700723 0.022227 0.470195
1 0.690137 0.831646 0.358594 0.012236
1 0.516455 0.882285 0.011230 0.114141
1 0.363887 0.476489 0.095117 0.022139
