1 0.156689 0.453057 0.094648 0.015762
1 0.114165 0.513770 0.007998 0.108594
1 0.085796 0.563818 0.064932 0.008496
1 0.363027 0.452798 0.089180 0.015479
1 0.093423 0.852822 0.007998 0.294355
1 0.096299 0.703027 0.138125 0.007715
1 0.290352 0.703115 0.018711 0.007422
1 0.203511 0.054717 0.407021 0.031094
1 0.117578 0.265757 0.016797 0.390166
1 0.499961 0.033184 0.999922 0.015586
1 0.415869 0.261011 0.021387 0.444385
1 0.712598 0.051655 0.574805 0.024990
1 0.731104 0.423716 0.254785 0.027861
1 0.844556 0.318906 0.027861 0.238164
1 0.730952 0.213921 0.255068 0.027529
1 0.572417 0.208232 0.066885 0.015566
1 0.617397 0.235283 0.027510 0.070566
1 0.713232 0.621045 0.573535 0.022363
1 0.415796 0.615430 0.021123 0.033398
1 0.351572 0.619507 0.107012 0.025244
1 0.310703 0.803369 0.025508 0.393262
0 0.026553 0.563848 0.053105 0.007324
1 0.432251 0.207744 0.011201 0.014883
0 0.488110 0.208481 0.101064 0.015850
0 0.415625 0.540967 0.021484 0.114551
0 0.013423 0.702715 0.026846 0.007324
0 0.223062 0.703193 0.115205 0.007324
0 0.261567 0.453076 0.114541 0.015332
