0 0.468311 0.641738 0.012676 0.098164
0 0.635859 0.633545 0.012109 0.099512
2 0.926938 0.759043 0.022373 0.090391
2 0.616670 0.076665 0.108652 0.022588
2 0.708496 0.076543 0.074219 0.023281
2 0.218242 0.077012 0.107305 0.023438
2 0.075410 0.077129 0.074980 0.022969
2 0.018726 0.077246 0.037451 0.023203
0 0.445801 0.847007 0.011914 0.084443
1 0.833428 0.690283 0.106309 0.031680
1 0.900391 0.637563 0.032266 0.137432
1 0.927231 0.902109 0.022490 0.195781
1 0.927490 0.389648 0.021973 0.648242
1 0.842163 0.077051 0.193018 0.022461
1 0.417354 0.076680 0.290566 0.022461
1 0.138892 0.077134 0.052100 0.022490
1 0.445850 0.944658 0.011816 0.110684
1 0.468262 0.340234 0.012695 0.504687
1 0.427993 0.574526 0.068076 0.011553
1 0.279585 0.530400 0.012295 0.100527
1 0.289727 0.574917 0.007969 0.010459
1 0.287437 0.898149 0.023896 0.203701
1 0.445557 0.756548 0.010645 0.095908
1 0.636060 0.860342 0.013857 0.279316
1 0.588198 0.951216 0.011338 0.096572
1 0.773633 0.562925 0.287305 0.011650
1 0.636030 0.570410 0.012100 0.026621
1 0.636201 0.701826 0.012090 0.036953
1 0.468237 0.699780 0.012881 0.017412
1 0.541201 0.714395 0.201973 0.011719
1 0.605825 0.911118 0.046611 0.018057
1 0.367710 0.459604 0.185361 0.040322
0 0.343896 0.574546 0.100293 0.011650
