0 0.651104 0.526836 0.100996 0.016934
2 0.021782 0.090703 0.043564 0.022578
2 0.210137 0.091123 0.136367 0.022578
2 0.837988 0.143818 0.115430 0.022578
2 0.577852 0.143809 0.060508 0.022578
1 0.917383 0.508066 0.108965 0.007734
1 0.867012 0.485693 0.008223 0.052949
1 0.916914 0.463672 0.108027 0.008984
1 0.525547 0.833906 0.014180 0.332187
1 0.563481 0.660352 0.086475 0.019336
1 0.725645 0.647300 0.013301 0.009619
1 0.839355 0.660659 0.264453 0.019521
1 0.984033 0.566313 0.030957 0.867373
2 0.491177 0.144136 0.111982 0.022588
1 0.092778 0.091172 0.098350 0.022871
1 0.288750 0.107119 0.023594 0.055488
1 0.370566 0.144390 0.128633 0.022549
1 0.292778 0.305615 0.030264 0.345605
1 0.223535 0.463145 0.168359 0.030098
1 0.071045 0.251929 0.142090 0.027412
1 0.128398 0.358174 0.028359 0.239902
1 0.071289 0.463032 0.142578 0.030225
1 0.293008 0.503345 0.029785 0.055889
1 0.452861 0.526592 0.294277 0.013652
1 0.725703 0.347485 0.013789 0.386963
1 0.711270 0.526533 0.018047 0.012754
1 0.693535 0.144014 0.174336 0.022773
1 0.933193 0.143740 0.077266 0.022773
0 0.725439 0.591694 0.017090 0.101377
0 0.656982 0.660269 0.099512 0.021846
