1 0.572998 0.940918 0.117090 0.022070
1 0.593066 0.272793 0.148535 0.029590
1 0.901709 0.940918 0.196582 0.022656
1 0.069009 0.677051 0.021943 0.106250
1 0.228613 0.273340 0.342383 0.029102
1 0.375830 0.301416 0.013379 0.030371
1 0.879736 0.003271 0.012207 0.006543
1 0.879639 0.187793 0.013574 0.161523
1 0.921387 0.276904 0.157227 0.022168
1 0.332617 0.581357 0.007617 0.102754
1 0.344160 0.533472 0.030352 0.007471
1 0.355806 0.489341 0.007139 0.096064
1 0.363867 0.444604 0.023965 0.007275
1 0.187412 0.887524 0.013496 0.085752
1 0.068896 0.066807 0.021973 0.133574
1 0.068945 0.880664 0.022070 0.071289
1 0.068799 0.934038 0.020996 0.034658
1 0.238965 0.940869 0.318555 0.021777
1 0.251563 0.068213 0.069336 0.027441
1 0.230371 0.040967 0.026953 0.081934
1 0.652344 0.143848 0.029883 0.287695
1 0.419434 0.461865 0.073633 0.022949
1 0.563232 0.536973 0.019141 0.173125
2 0.760146 0.942031 0.085566 0.021484
0 0.879565 0.057134 0.016885 0.099814
0 0.792090 0.276855 0.100195 0.024219
0 0.457197 0.272949 0.115684 0.029297
1 0.557603 0.461240 0.031084 0.021699
1 0.566113 0.676943 0.013359 0.105664
1 0.320166 0.651123 0.479590 0.008105
1 0.187549 0.707275 0.013184 0.103418
1 0.375684 0.432598 0.013672 0.030039
1 0.470610 0.628423 0.176377 0.007607
1 0.378628 0.539165 0.008369 0.186143
1 0.208149 0.628188 0.256943 0.008467
0 0.376265 0.366406 0.016982 0.097461
0 0.498896 0.461621 0.085605 0.022266
0 0.187188 0.801377 0.016641 0.085254
2 0.456396 0.940986 0.114746 0.021484
2 0.673779 0.941699 0.087012 0.021484
2 0.069155 0.196094 0.022256 0.126367
2 0.068188 0.566846 0.022256 0.115469
2 0.068843 0.787187 0.022256 0.115469
1 0.438232 0.068101 0.031504 0.027783
1 0.068867 0.397983 0.022852 0.224092
1 0.099487 0.339771 0.008799 0.107666
1 0.092471 0.389272 0.022793 0.008428
1 0.440332 0.040918 0.027344 0.081836
1 0.703174 0.276758 0.076660 0.022266
