1 0.635596 0.145718 0.012207 0.127373
1 0.501299 0.158149 0.260801 0.015596
1 0.378223 0.277446 0.015234 0.254092
1 0.317930 0.396777 0.135859 0.015625
1 0.246841 0.427891 0.037666 0.015430
1 0.257964 0.412163 0.015732 0.046592
1 0.382891 0.422783 0.005898 0.036465
1 0.335171 0.610635 0.007061 0.134746
1 0.195884 0.564771 0.047607 0.006475
1 0.193613 0.520947 0.063008 0.006348
1 0.158882 0.586035 0.006494 0.184180
1 0.150728 0.683613 0.123213 0.011367
1 0.395425 0.683525 0.260127 0.012051
1 0.519985 0.663604 0.010986 0.051914
1 0.519971 0.454160 0.011230 0.044980
1 0.524229 0.437041 0.019727 0.010645
1 0.635698 0.406143 0.011650 0.072480
1 0.633076 0.436904 0.016836 0.011113
1 0.617871 0.683350 0.048047 0.012598
1 0.299614 0.268564 0.142354 0.015449
1 0.309751 0.382891 0.119365 0.010117
1 0.323516 0.615918 0.015957 0.007207
1 0.364785 0.332422 0.009648 0.110742
1 0.158779 0.439063 0.006543 0.006152
0 0.158843 0.468081 0.006650 0.051807
0 0.200771 0.427891 0.054609 0.015273
0 0.337695 0.064961 0.042656 0.006504
1 0.259917 0.030898 0.006143 0.061797
1 0.281211 0.030898 0.006094 0.061797
0 0.190352 0.065156 0.042598 0.006094
0 0.158945 0.162378 0.006348 0.056572
0 0.199639 0.268662 0.057480 0.015254
1 0.406714 0.141558 0.099775 0.007842
1 0.360132 0.199116 0.006611 0.122959
1 0.479155 0.134590 0.024717 0.006895
1 0.468979 0.065835 0.010889 0.006572
1 0.470625 0.099746 0.006934 0.075117
1 0.487666 0.140937 0.007617 0.018867
1 0.585493 0.135693 0.087861 0.006934
1 0.545024 0.141118 0.006201 0.017783
2 0.635420 0.055957 0.012305 0.052148
2 0.635605 0.351133 0.012305 0.037227
2 0.635654 0.302529 0.012305 0.059785
2 0.635645 0.240918 0.012305 0.062891
2 0.546709 0.438022 0.024863 0.014717
2 0.592041 0.438145 0.064941 0.014531
2 0.521240 0.524424 0.013770 0.094746
2 0.520947 0.604854 0.013770 0.064980
1 0.309839 0.282051 0.119189 0.010117
1 0.254966 0.293267 0.009795 0.032900
1 0.319243 0.641924 0.007412 0.059238
1 0.293027 0.668013 0.059453 0.006924
1 0.266631 0.670947 0.006309 0.013184
1 0.308828 0.537686 0.055840 0.007051
1 0.284429 0.529414 0.007588 0.024121
1 0.333906 0.520884 0.106543 0.007061
1 0.383916 0.531235 0.006484 0.027939
1 0.359312 0.541865 0.055693 0.007090
1 0.278447 0.520791 0.004687 0.006836
0 0.250586 0.520815 0.050684 0.006475
1 0.171689 0.600498 0.006719 0.153262
2 0.061421 0.683467 0.054893 0.011914
2 0.016904 0.683457 0.033809 0.011914
2 0.238960 0.683457 0.052744 0.011914
1 0.086699 0.427905 0.173398 0.015811
1 0.085469 0.268560 0.170937 0.015439
1 0.158901 0.226025 0.006279 0.070527
1 0.158779 0.066992 0.005957 0.133984
1 0.165410 0.065103 0.007187 0.006182
1 0.263940 0.065068 0.104463 0.006113
1 0.365239 0.064995 0.012256 0.006201
1 0.376650 0.034126 0.011504 0.068252
1 0.340342 0.141094 0.038496 0.006777
1 0.459663 0.075811 0.007139 0.151621
1 0.635645 0.014810 0.011660 0.029619
