0 0.378462 0.779648 0.015986 0.085039
2 0.874414 0.385757 0.022266 0.113701
2 0.772632 0.850308 0.113623 0.020928
2 0.440088 0.849927 0.085840 0.022119
2 0.237090 0.849585 0.113828 0.022803
2 0.034468 0.902896 0.068936 0.023096
0 0.449556 0.327344 0.099619 0.024453
1 0.599414 0.849775 0.233398 0.022500
1 0.602993 0.753271 0.008271 0.174902
1 0.530273 0.670010 0.153711 0.008711
1 0.447681 0.581201 0.014014 0.184668
1 0.382627 0.478408 0.144492 0.020059
1 0.595605 0.574219 0.023320 0.183203
1 0.378535 0.831631 0.012930 0.018535
1 0.579087 0.475864 0.054756 0.013018
1 0.600098 0.461104 0.012734 0.016016
1 0.444756 0.689248 0.007910 0.035039
1 0.378657 0.721548 0.013779 0.030771
1 0.410146 0.712944 0.077168 0.013975
1 0.511479 0.716182 0.127998 0.007891
1 0.570913 0.776431 0.009131 0.128389
1 0.857476 0.849365 0.055166 0.022266
1 0.355557 0.327363 0.087520 0.022031
1 0.734033 0.322549 0.262402 0.014082
1 0.345933 0.849663 0.103232 0.022549
1 0.138765 0.849209 0.084717 0.022891
1 0.080278 0.886206 0.022900 0.056807
1 0.083623 0.687588 0.032070 0.346113
1 0.050103 0.530078 0.099111 0.031094
1 0.873496 0.641665 0.023203 0.399346
1 0.873628 0.164604 0.023232 0.329209
1 0.553062 0.327090 0.106182 0.022559
1 0.600020 0.344243 0.013125 0.016807
0 0.600269 0.403135 0.016221 0.099434
1 0.460522 0.475479 0.011182 0.013672
0 0.508203 0.475830 0.085742 0.016504
