1 0.301982 0.594312 0.089551 0.007451
1 0.507368 0.594321 0.089561 0.007451
1 0.274580 0.799121 0.008008 0.401758
0 0.199785 0.594272 0.114258 0.007490
0 0.146079 0.433657 0.116006 0.030791
1 0.479141 0.798335 0.008008 0.403330
1 0.711587 0.594087 0.089814 0.007451
1 0.881216 0.594385 0.019248 0.007520
2 0.818428 0.433716 0.085586 0.029697
0 0.814199 0.594468 0.114785 0.007451
1 0.058262 0.709082 0.030781 0.581836
1 0.065723 0.433672 0.045508 0.031328
1 0.489502 0.433926 0.573340 0.031328
1 0.861367 0.090547 0.117402 0.027090
1 0.890332 0.433330 0.060938 0.032363
1 0.904834 0.708687 0.031543 0.582627
1 0.683984 0.798877 0.008008 0.402246
0 0.609214 0.594058 0.114268 0.006846
0 0.404736 0.594346 0.115234 0.007422
1 0.106870 0.593960 0.070771 0.007451
