1 0.534077 0.531416 0.018818 0.121074
1 0.739155 0.851416 0.016982 0.297168
1 0.825747 0.929727 0.190713 0.017266
1 0.928096 0.843276 0.017559 0.313447
1 0.467944 0.843667 0.016514 0.312666
1 0.345151 0.387749 0.170479 0.016377
1 0.267432 0.351348 0.016895 0.702695
1 0.598232 0.694829 0.677324 0.015732
1 0.891309 0.209922 0.132656 0.016328
1 0.833071 0.452490 0.016553 0.501855
1 0.965972 0.243604 0.016553 0.487207
1 0.019419 0.793574 0.016904 0.412852
1 0.135518 0.595605 0.246504 0.016914
1 0.648325 0.344546 0.016357 0.689092
1 0.528589 0.462559 0.227725 0.015742
1 0.422603 0.425737 0.016865 0.091631
