1 0.594312 0.301982 0.007451 0.089551
1 0.594321 0.507368 0.007451 0.089561
1 0.799121 0.274580 0.401758 0.008008
0 0.594272 0.199785 0.007490 0.114258
0 0.433657 0.146079 0.030791 0.116006
1 0.798335 0.479141 0.403330 0.008008
1 0.594087 0.711587 0.007451 0.089814
1 0.594385 0.881216 0.007520 0.019248
2 0.433716 0.818428 0.029697 0.085586
0 0.594468 0.814199 0.007451 0.114785
1 0.709082 0.058262 0.581836 0.030781
1 0.433672 0.065723 0.031328 0.045508
1 0.433926 0.489502 0.031328 0.573340
1 0.090547 0.861367 0.027090 0.117402
1 0.433330 0.890332 0.032363 0.060938
1 0.708687 0.904834 0.582627 0.031543
1 0.798877 0.683984 0.402246 0.008008
0 0.594058 0.609214 0.006846 0.114268
0 0.594346 0.404736 0.007422 0.115234
1 0.593960 0.106870 0.007451 0.070771
