1 0.433428 0.382104 0.078770 0.012939
1 0.400850 0.414014 0.013438 0.076855
1 0.305742 0.460000 0.204492 0.020156
1 0.398120 0.543350 0.019736 0.186016
1 0.499512 0.626279 0.221680 0.019316
1 0.600513 0.584707 0.019736 0.102461
1 0.770547 0.543560 0.359062 0.019326
1 0.960088 0.543760 0.026230 0.278926
1 0.960044 0.914985 0.026338 0.055518
1 0.761348 0.929414 0.423789 0.026660
1 0.313071 0.929165 0.318330 0.026494
1 0.012988 0.929995 0.025977 0.024834
1 0.190781 0.877437 0.030430 0.081553
1 0.770815 0.950166 0.438838 0.020566
1 0.981431 0.924082 0.019170 0.071953
1 0.313052 0.949658 0.317100 0.020801
1 0.012915 0.949941 0.025830 0.020234
0 0.190894 0.303213 0.030635 0.115449
0 0.523218 0.382266 0.100439 0.012578
0 0.273037 0.704282 0.100547 0.012666
2 0.961968 0.239404 0.029854 0.078613
2 0.961899 0.341890 0.030381 0.126025
1 0.578032 0.149575 0.742568 0.020420
0 0.191372 0.065869 0.031084 0.114746
1 0.191704 0.004263 0.030264 0.008525
1 0.002314 0.003232 0.004629 0.006465
0 0.002656 0.065269 0.005313 0.113486
0 0.003687 0.311846 0.007373 0.114180
1 0.003003 0.188042 0.006006 0.130674
0 0.003018 0.779712 0.006035 0.112334
1 0.003198 0.547583 0.006396 0.350811
1 0.003032 0.876533 0.006064 0.080840
0 0.089585 0.932412 0.127803 0.030918
0 0.190742 0.780645 0.030254 0.114863
2 0.511182 0.929893 0.079785 0.035078
2 0.961929 0.745732 0.029795 0.122793
2 0.962441 0.848511 0.029805 0.080615
1 0.981338 0.104932 0.019355 0.190332
1 0.980000 0.544102 0.020156 0.277070
1 0.588672 0.382417 0.030605 0.012471
1 0.597397 0.455166 0.013604 0.157891
1 0.190996 0.184888 0.031094 0.122432
1 0.959741 0.104141 0.026240 0.190449
1 0.213926 0.704541 0.017793 0.012676
1 0.603730 0.673633 0.013770 0.075332
1 0.362446 0.704536 0.078408 0.012959
1 0.395249 0.673057 0.012803 0.076348
1 0.190791 0.541167 0.030664 0.361416
