1 0.536948 0.954590 0.041865 0.012305
1 0.551455 0.974199 0.012773 0.051602
0 0.510107 0.801602 0.012422 0.112773
2 0.047329 0.177969 0.094658 0.022578
2 0.447607 0.177778 0.074121 0.022217
2 0.355659 0.177798 0.109385 0.022197
1 0.172607 0.737896 0.345215 0.013057
1 0.350894 0.737524 0.013447 0.158252
1 0.860981 0.680063 0.252627 0.022100
1 0.885239 0.845215 0.030635 0.309570
1 0.509878 0.929106 0.012275 0.141787
1 0.351006 0.976938 0.013145 0.046123
1 0.851396 0.778833 0.035996 0.175869
1 0.197852 0.177988 0.206055 0.021953
1 0.505581 0.178062 0.041260 0.022021
1 0.839004 0.984829 0.012012 0.030342
1 0.515405 0.428955 0.022021 0.523730
1 0.510127 0.717715 0.012598 0.054805
1 0.565820 0.680068 0.122852 0.022227
2 0.681299 0.680171 0.107461 0.022256
1 0.851504 0.975718 0.037012 0.012314
1 0.044326 0.870850 0.011055 0.258301
1 0.158203 0.460156 0.011328 0.543945
