1 0.430630 0.533252 0.007412 0.171582
1 0.716699 0.625195 0.566602 0.015723
1 0.803779 0.533164 0.007871 0.169980
1 0.453721 0.440674 0.137715 0.015723
1 0.712012 0.440537 0.191602 0.015996
1 0.799980 0.418442 0.015723 0.059639
1 0.800117 0.320586 0.015996 0.007578
1 0.762744 0.308311 0.474512 0.016387
0 0.589634 0.440410 0.053877 0.016191
0 0.542773 0.440420 0.039922 0.016582
0 0.314507 0.960957 0.015342 0.056484
0 0.200132 0.910127 0.042354 0.006270
1 0.136289 0.893926 0.047969 0.007168
1 0.157119 0.898804 0.006543 0.016787
0 0.036792 0.535063 0.058311 0.015693
0 0.079961 0.392725 0.015820 0.065312
0 0.799995 0.356694 0.016104 0.065283
1 0.278369 0.319541 0.015820 0.037988
1 0.800918 0.698423 0.003965 0.132471
1 0.278350 0.101694 0.016074 0.024053
0 0.357261 0.440615 0.056357 0.015410
1 0.325825 0.624917 0.006670 0.015732
0 0.357275 0.625225 0.058086 0.016035
0 0.314492 0.748770 0.015547 0.057910
0 0.546553 0.667334 0.016465 0.059102
0 0.731450 0.766543 0.050771 0.004355
0 0.705923 0.838320 0.050322 0.004355
0 0.907246 0.838242 0.050762 0.004355
0 0.884810 0.766450 0.050771 0.004365
1 0.181709 0.665039 0.007969 0.248242
1 0.080156 0.355669 0.015332 0.008799
1 0.003809 0.534976 0.007617 0.015029
1 0.003926 0.665723 0.007852 0.248633
1 0.153086 0.793315 0.306172 0.007705
1 0.314453 0.994678 0.015137 0.010645
1 0.264160 0.910273 0.085547 0.006230
1 0.145215 0.910166 0.067188 0.006230
1 0.106436 0.905957 0.011738 0.188086
1 0.161128 0.805469 0.322256 0.015234
1 0.314507 0.865151 0.015322 0.135049
1 0.314375 0.788086 0.015586 0.021191
1 0.314614 0.583877 0.015127 0.273066
1 0.204844 0.534570 0.235039 0.014297
1 0.076523 0.535122 0.022773 0.015732
1 0.080068 0.483823 0.015723 0.118193
1 0.161035 0.345166 0.322070 0.015449
1 0.317842 0.440586 0.021953 0.015449
1 0.314590 0.392739 0.015449 0.111143
1 0.554849 0.901855 0.009678 0.087305
1 0.519409 0.940464 0.080518 0.009834
1 0.478174 0.853418 0.119238 0.009277
1 0.533267 0.802729 0.009443 0.110947
1 0.477998 0.752539 0.119785 0.010156
1 0.424404 0.763887 0.012598 0.032930
1 0.479150 0.739155 0.121387 0.015928
1 0.546499 0.777344 0.016162 0.161719
1 0.584004 0.850801 0.091172 0.014766
1 0.622319 0.921826 0.014951 0.156348
1 0.658564 0.838267 0.044785 0.004404
1 0.676465 0.766489 0.059570 0.004404
1 0.648506 0.700781 0.003965 0.135938
1 0.794043 0.920264 0.004277 0.159473
1 0.952158 0.920215 0.004277 0.159570
1 0.966211 0.838286 0.067578 0.004482
1 0.806396 0.838267 0.150488 0.004463
1 0.808291 0.766563 0.102715 0.003984
1 0.955127 0.766675 0.089746 0.004248
1 0.953130 0.698696 0.004287 0.132100
1 0.410308 0.625029 0.048604 0.015586
