1 0.200190 0.023813 0.014580 0.020049
0 0.200176 0.062285 0.014609 0.056504
0 0.483833 0.242583 0.006553 0.042100
2 0.643662 0.209434 0.011738 0.065156
2 0.643696 0.120210 0.011748 0.113076
1 0.650000 0.049937 0.024805 0.011924
1 0.643608 0.053828 0.011826 0.019688
2 0.681514 0.050000 0.037754 0.011914
2 0.733149 0.050010 0.065146 0.011699
2 0.393652 0.629541 0.011719 0.037207
2 0.393838 0.675366 0.011719 0.053955
2 0.259707 0.796919 0.011719 0.065537
2 0.259697 0.886030 0.011719 0.112705
0 0.161133 0.636372 0.011719 0.056748
0 0.082227 0.606167 0.006836 0.042021
1 0.039453 0.535767 0.078906 0.007979
1 0.068076 0.501265 0.021660 0.006631
1 0.060586 0.513311 0.006836 0.030508
1 0.031982 0.525449 0.063965 0.006445
0 0.023394 0.397598 0.046787 0.005859
0 0.120400 0.371270 0.056074 0.015664
2 0.064800 0.062261 0.010439 0.054189
2 0.064795 0.107612 0.010449 0.036318
1 0.351382 0.049028 0.007842 0.098057
1 0.366118 0.049028 0.006592 0.098057
1 0.443437 0.080488 0.040781 0.008164
1 0.466650 0.095542 0.005645 0.124834
1 0.472295 0.036104 0.016934 0.005957
2 0.393916 0.448853 0.011719 0.053955
2 0.393936 0.493735 0.011719 0.036006
0 0.161094 0.486602 0.011719 0.055898
1 0.258252 0.371260 0.219434 0.015625
1 0.508403 0.311572 0.282021 0.011230
1 0.643555 0.279687 0.011523 0.075000
1 0.483726 0.285352 0.006377 0.043164
1 0.483921 0.110742 0.006377 0.221484
1 0.423877 0.161089 0.113379 0.006143
1 0.280273 0.105718 0.175781 0.015146
1 0.199990 0.102051 0.015371 0.022715
1 0.138232 0.021631 0.137793 0.015332
1 0.064717 0.017432 0.010547 0.034863
1 0.064878 0.156865 0.011201 0.061797
1 0.035239 0.182500 0.070479 0.011562
1 0.062788 0.283066 0.015889 0.192090
1 0.073403 0.371387 0.037666 0.015703
1 0.054189 0.397588 0.014648 0.005879
1 0.058174 0.389336 0.006699 0.022461
1 0.082158 0.541597 0.006641 0.086729
1 0.039448 0.636895 0.078721 0.007383
1 0.161074 0.418213 0.011758 0.080566
1 0.360386 0.211328 0.015303 0.226562
1 0.168818 0.199033 0.009629 0.033105
1 0.223633 0.187715 0.119727 0.010312
1 0.278525 0.238379 0.010059 0.111328
1 0.223730 0.289014 0.119922 0.010254
1 0.776621 0.292612 0.013359 0.049912
1 0.774482 0.049736 0.016855 0.011133
1 0.777456 0.027686 0.010967 0.055371
1 0.392593 0.959722 0.012842 0.049014
1 0.064990 0.747231 0.041699 0.007881
1 0.082192 0.688979 0.006904 0.123408
1 0.142100 0.978975 0.246855 0.011289
1 0.259795 0.963594 0.011465 0.042090
1 0.326660 0.750024 0.145703 0.011377
1 0.393750 0.729238 0.011621 0.053711
1 0.259619 0.754111 0.011816 0.019727
1 0.209932 0.747622 0.088809 0.006650
1 0.160879 0.707939 0.011719 0.086191
1 0.161104 0.561216 0.011641 0.092959
1 0.277988 0.561714 0.222148 0.006436
1 0.393428 0.561182 0.011387 0.098926
1 0.393555 0.394653 0.011523 0.054346
1 0.383154 0.373188 0.032031 0.011240
1 0.225864 0.016885 0.037061 0.007695
1 0.240420 0.010391 0.008105 0.020781
