0 0.307695 0.610562 0.024336 0.101240
1 0.306753 0.132959 0.021650 0.116895
1 0.982900 0.830293 0.022676 0.117344
1 0.497632 0.847178 0.012842 0.010547
1 0.629199 0.832021 0.276367 0.019492
1 0.760547 0.919971 0.013477 0.160059
1 0.497563 0.969629 0.012705 0.060742
1 0.056104 0.963091 0.112207 0.027158
1 0.303521 0.994224 0.029346 0.011553
1 0.307178 0.699966 0.021973 0.077021
1 0.303613 0.804541 0.029688 0.137012
1 0.159229 0.750879 0.318457 0.029883
1 0.018257 0.523784 0.036514 0.012607
1 0.218018 0.523799 0.160449 0.013027
1 0.307319 0.385679 0.022061 0.349736
1 0.011646 0.085835 0.023291 0.022139
1 0.247070 0.085615 0.103516 0.022168
1 0.351187 0.201074 0.110186 0.022070
1 0.840283 0.201025 0.235254 0.022168
1 0.975327 0.201069 0.036064 0.021279
1 0.982812 0.404834 0.022461 0.389355
0 0.303511 0.930679 0.030791 0.114053
0 0.497754 0.896177 0.013281 0.086104
2 0.982480 0.944419 0.021836 0.111162
2 0.982534 0.729253 0.020439 0.086240
2 0.669219 0.200894 0.107715 0.022139
2 0.564663 0.201245 0.100811 0.022139
2 0.460444 0.201245 0.107705 0.022139
2 0.152139 0.085264 0.087090 0.021074
2 0.065757 0.085439 0.085615 0.021074
0 0.087017 0.523682 0.101240 0.016563
2 0.982725 0.642988 0.020449 0.086250
