0 0.389438 0.692305 0.101240 0.024336
1 0.867041 0.693247 0.116895 0.021650
1 0.169707 0.017100 0.117344 0.022676
1 0.152822 0.502368 0.010547 0.012842
1 0.167979 0.370801 0.019492 0.276367
1 0.080029 0.239453 0.160059 0.013477
1 0.030371 0.502437 0.060742 0.012705
1 0.036909 0.943896 0.027158 0.112207
1 0.005776 0.696479 0.011553 0.029346
1 0.300034 0.692822 0.077021 0.021973
1 0.195459 0.696387 0.137012 0.029688
1 0.249121 0.840771 0.029883 0.318457
1 0.476216 0.981743 0.012607 0.036514
1 0.476201 0.781982 0.013027 0.160449
1 0.614321 0.692681 0.349736 0.022061
1 0.914165 0.988354 0.022139 0.023291
1 0.914385 0.752930 0.022168 0.103516
1 0.798926 0.648813 0.022070 0.110186
1 0.798975 0.159717 0.022168 0.235254
1 0.798931 0.024673 0.021279 0.036064
1 0.595166 0.017188 0.389355 0.022461
0 0.069321 0.696489 0.114053 0.030791
0 0.103823 0.502246 0.086104 0.013281
2 0.055581 0.017520 0.111162 0.021836
2 0.270747 0.017466 0.086240 0.020439
2 0.799106 0.330781 0.022139 0.107715
2 0.798755 0.435337 0.022139 0.100811
2 0.798755 0.539556 0.022139 0.107705
2 0.914736 0.847861 0.021074 0.087090
2 0.914561 0.934243 0.021074 0.085615
0 0.476318 0.912983 0.016563 0.101240
2 0.357012 0.017275 0.086250 0.020449
