1 0.270103 0.293354 0.005850 0.038643
1 0.263838 0.309150 0.018359 0.007363
2 0.326846 0.268447 0.052832 0.011230
2 0.466841 0.268281 0.038584 0.010840
2 0.428882 0.268174 0.037256 0.010762
1 0.500044 0.313354 0.022354 0.006963
1 0.492607 0.295361 0.007793 0.043262
2 0.585020 0.342158 0.050586 0.013301
2 0.640742 0.341982 0.060703 0.013301
2 0.701909 0.341807 0.061221 0.013301
2 0.789062 0.341846 0.112500 0.013301
2 0.846973 0.371108 0.014453 0.054326
1 0.875225 0.523369 0.024902 0.006465
1 0.875225 0.485098 0.024902 0.006094
1 0.884873 0.504243 0.005957 0.044736
2 0.847021 0.584067 0.014902 0.111963
1 0.874961 0.665542 0.024102 0.005889
1 0.884072 0.655630 0.005879 0.026123
1 0.875161 0.645605 0.024092 0.006074
2 0.579351 0.882886 0.038467 0.011963
2 0.627749 0.882686 0.057920 0.011973
2 0.688647 0.882729 0.063838 0.011943
1 0.193999 0.777407 0.007881 0.102256
1 0.160498 0.729536 0.074922 0.006904
1 0.125464 0.721831 0.005674 0.022275
1 0.162427 0.713232 0.078369 0.005898
1 0.103599 0.698945 0.006475 0.022676
1 0.127700 0.696821 0.006865 0.026533
1 0.115947 0.686196 0.030781 0.005283
1 0.106816 0.650454 0.012930 0.069072
0 0.072070 0.611221 0.042773 0.009785
1 0.010854 0.663306 0.017412 0.093760
0 0.356289 0.428867 0.005781 0.041699
2 0.162510 0.267378 0.076777 0.013975
2 0.090537 0.267275 0.066426 0.014180
1 0.033486 0.928389 0.007500 0.024082
1 0.018608 0.920083 0.037217 0.007197
2 0.065068 0.945684 0.053320 0.010840
1 0.209180 0.780957 0.014551 0.193750
1 0.161870 0.832998 0.079580 0.007324
1 0.207310 0.914121 0.011553 0.074102
1 0.211113 0.882520 0.019043 0.010840
1 0.152368 0.945635 0.121436 0.010840
1 0.019126 0.945742 0.038252 0.010625
1 0.147729 0.611143 0.108506 0.009609
1 0.025313 0.611377 0.050625 0.010078
1 0.204814 0.614336 0.006113 0.016641
1 0.062329 0.713813 0.124658 0.006748
2 0.247002 0.882446 0.052539 0.011182
1 0.380684 0.690200 0.032578 0.011260
1 0.212720 0.676436 0.021533 0.015098
1 0.289990 0.676587 0.021582 0.015576
1 0.421494 0.676587 0.119805 0.014971
1 0.473647 0.773486 0.015400 0.208887
1 0.416489 0.882373 0.286357 0.010840
1 0.028809 0.268452 0.057617 0.011533
1 0.007310 0.383643 0.007061 0.221582
1 0.027529 0.497656 0.055059 0.006445
1 0.204619 0.521426 0.006836 0.040527
1 0.232080 0.497754 0.242480 0.006641
1 0.258315 0.403369 0.006924 0.181934
1 0.250737 0.268340 0.099346 0.011484
1 0.496279 0.536270 0.065449 0.009980
1 0.374468 0.536191 0.042178 0.009980
1 0.356372 0.491035 0.005908 0.082090
1 0.356494 0.340576 0.006348 0.134473
1 0.381787 0.268145 0.056738 0.010840
1 0.516934 0.268208 0.011328 0.011143
1 0.499399 0.268291 0.026533 0.010938
1 0.517007 0.310532 0.011162 0.076338
1 0.535039 0.343115 0.048809 0.011133
1 0.845552 0.463433 0.011748 0.129990
1 0.845801 0.882075 0.011406 0.011299
1 0.845806 0.758735 0.011709 0.237979
1 0.781025 0.882036 0.121133 0.011533
1 0.391670 0.744761 0.010684 0.120439
1 0.341460 0.799800 0.110850 0.010459
1 0.291045 0.744927 0.010156 0.120518
0 0.331118 0.676533 0.060791 0.014902
0 0.251333 0.676548 0.055596 0.015596
0 0.204785 0.643848 0.006250 0.041992
1 0.204751 0.666895 0.005771 0.003906
0 0.082900 0.497754 0.055449 0.006836
1 0.307666 0.481313 0.091074 0.005498
1 0.258267 0.293154 0.007139 0.038242
