1 0.801221 0.809399 0.065137 0.015186
1 0.837920 0.781201 0.011660 0.072168
1 0.837939 0.477402 0.011582 0.353008
1 0.807393 0.421582 0.050566 0.005859
1 0.715234 0.421577 0.048633 0.005850
1 0.687900 0.392383 0.007051 0.180859
1 0.632803 0.479268 0.116973 0.006895
1 0.577441 0.497856 0.006543 0.044326
1 0.707690 0.566860 0.014912 0.136260
1 0.764937 0.506914 0.129893 0.015781
1 0.721509 0.575190 0.009521 0.119736
1 0.772681 0.520405 0.111865 0.010615
1 0.822832 0.575078 0.011484 0.119961
1 0.811753 0.629829 0.033584 0.010127
1 0.541963 0.809619 0.340957 0.015586
1 0.379224 0.718311 0.015361 0.197754
1 0.441016 0.627197 0.138867 0.015723
1 0.119844 0.780449 0.011172 0.073477
1 0.837720 0.222852 0.011904 0.049355
1 0.457764 0.479395 0.089941 0.007031
1 0.499419 0.497314 0.006533 0.042676
1 0.577207 0.592285 0.006543 0.057422
1 0.640542 0.627197 0.149385 0.015723
1 0.232305 0.566289 0.005957 0.053672
1 0.300918 0.464399 0.006367 0.051084
1 0.214209 0.435269 0.179785 0.006807
1 0.119688 0.369971 0.011797 0.236035
1 0.136104 0.257778 0.044316 0.011650
1 0.377900 0.257764 0.049160 0.011230
1 0.407300 0.393706 0.011729 0.300498
1 0.398071 0.541074 0.008311 0.006152
1 0.324316 0.541309 0.040820 0.006055
1 0.300928 0.575879 0.005957 0.087109
1 0.294971 0.622852 0.038770 0.006445
1 0.278809 0.614355 0.006445 0.023242
1 0.203276 0.605742 0.157705 0.005859
1 0.119551 0.596392 0.011484 0.112393
1 0.243750 0.811128 0.259375 0.011533
1 0.381182 0.978662 0.011582 0.042676
1 0.633994 0.937275 0.006406 0.125449
1 0.701074 0.937354 0.011719 0.030762
1 0.703735 0.902026 0.006748 0.041514
1 0.779956 0.882114 0.006396 0.131279
1 0.916211 0.811592 0.167578 0.011816
1 0.669561 0.490317 0.008477 0.015146
1 0.687700 0.555225 0.009717 0.128223
1 0.761953 0.478350 0.141133 0.006680
2 0.839888 0.666846 0.015928 0.026211
2 0.839883 0.712500 0.015703 0.064844
0 0.740381 0.809482 0.055957 0.015625
0 0.779834 0.973608 0.006543 0.051670
1 0.701133 0.997559 0.011426 0.004883
0 0.700986 0.973984 0.011719 0.042266
1 0.666201 0.934717 0.057656 0.026270
2 0.381025 0.938379 0.011719 0.037500
2 0.380957 0.892603 0.011719 0.054248
2 0.837842 0.274263 0.011816 0.053018
2 0.837744 0.180327 0.012012 0.035654
2 0.837793 0.143413 0.012109 0.038193
2 0.816250 0.123838 0.031758 0.011914
2 0.774253 0.123936 0.052080 0.011914
2 0.721094 0.124092 0.053906 0.011914
2 0.605679 0.124043 0.037080 0.011914
2 0.557119 0.124209 0.059590 0.011914
2 0.495708 0.124219 0.062959 0.011914
2 0.406201 0.159395 0.014160 0.038516
2 0.406201 0.211006 0.014160 0.064395
2 0.223394 0.256602 0.130166 0.013965
2 0.320947 0.256494 0.064551 0.013965
2 0.119463 0.513872 0.011523 0.052158
2 0.119639 0.679609 0.011523 0.053672
2 0.119727 0.725068 0.011523 0.036660
1 0.678774 0.494731 0.027568 0.007021
0 0.577168 0.541738 0.006602 0.043555
0 0.538223 0.627246 0.055176 0.015820
0 0.369385 0.541064 0.049023 0.006152
0 0.300786 0.511191 0.006240 0.042031
1 0.152588 0.447549 0.053594 0.018047
1 0.211680 0.594497 0.171602 0.007842
1 0.367661 0.622666 0.007529 0.006543
0 0.339150 0.622666 0.049316 0.006738
0 0.633872 0.849082 0.006475 0.050820
1 0.633906 0.820435 0.006738 0.006104
0 0.760850 0.421582 0.042285 0.005859
1 0.380962 0.840708 0.011533 0.049912
1 0.138184 0.124946 0.048047 0.011748
1 0.407339 0.129189 0.011650 0.021484
1 0.432861 0.124365 0.062402 0.011816
1 0.659277 0.124170 0.069336 0.011426
