1 0.054980 0.502314 0.109961 0.004922
1 0.235884 0.502222 0.150303 0.005127
1 0.249028 0.420996 0.004912 0.156641
1 0.384058 0.502451 0.044014 0.005449
1 0.366636 0.574375 0.060479 0.005156
1 0.394492 0.639990 0.004961 0.136426
1 0.242114 0.641909 0.004443 0.133760
1 0.234805 0.574258 0.102852 0.004219
1 0.083789 0.574185 0.098633 0.003779
1 0.089912 0.641772 0.004219 0.132861
1 0.304683 0.715708 0.609365 0.015752
1 0.421001 0.420127 0.014697 0.155410
1 0.459004 0.490054 0.090703 0.015596
1 0.496377 0.563701 0.014277 0.162949
1 0.563979 0.601294 0.120928 0.016455
1 0.728428 0.339292 0.015684 0.024150
1 0.766382 0.330669 0.060225 0.006260
1 0.793828 0.327212 0.005332 0.013799
1 0.793813 0.182925 0.005928 0.175029
1 0.805889 0.258057 0.017598 0.005957
1 0.924941 0.257739 0.121406 0.006592
1 0.910352 0.200342 0.063359 0.006543
1 0.939229 0.149658 0.006309 0.108496
1 0.936382 0.427969 0.012021 0.202148
1 0.912271 0.330884 0.037744 0.006533
1 0.897207 0.430312 0.065684 0.005781
1 0.779429 0.430518 0.086396 0.006152
1 0.728428 0.476235 0.015645 0.133193
1 0.860347 0.535381 0.279307 0.015117
1 0.868174 0.547944 0.263652 0.007607
1 0.861484 0.671211 0.008398 0.257402
1 0.728276 0.756851 0.015518 0.273096
1 0.838237 0.806396 0.235439 0.014551
1 0.962681 0.857227 0.015459 0.117578
1 0.973921 0.805864 0.006533 0.014912
1 0.860205 0.994092 0.279590 0.011816
1 0.728052 0.946387 0.015186 0.107227
1 0.717070 0.900439 0.006777 0.015527
1 0.962549 0.985049 0.015723 0.008945
1 0.588467 0.900542 0.136035 0.015537
1 0.612280 0.807695 0.007979 0.171641
1 0.632769 0.715522 0.049033 0.015635
1 0.331445 0.900264 0.191289 0.015879
1 0.243384 0.922563 0.016377 0.059619
1 0.239160 0.807734 0.007734 0.171523
1 0.523672 0.400640 0.081328 0.010244
1 0.488130 0.439790 0.010166 0.087803
0 0.017197 0.574014 0.034395 0.004355
0 0.336616 0.502422 0.051162 0.005234
0 0.311128 0.574419 0.050771 0.004502
0 0.135508 0.502295 0.050762 0.004785
0 0.158398 0.574365 0.050762 0.004355
1 0.090688 0.421289 0.004229 0.158789
1 0.318423 0.334976 0.636846 0.015576
1 0.678760 0.335010 0.084668 0.015332
1 0.630083 0.210923 0.017080 0.264092
1 0.668037 0.087793 0.093301 0.016797
1 0.823979 0.087627 0.070010 0.016035
1 0.955371 0.087095 0.089258 0.015674
1 0.728579 0.546597 0.015537 0.008174
2 0.770562 0.087695 0.036631 0.016406
2 0.733345 0.087769 0.037412 0.016846
2 0.884722 0.087256 0.052041 0.015527
0 0.685098 0.900630 0.056875 0.015576
0 0.243408 0.976074 0.016309 0.047852
0 0.473789 0.900537 0.093164 0.016309
1 0.618994 0.576177 0.011621 0.032939
1 0.564575 0.587627 0.121045 0.010664
1 0.509858 0.537114 0.010986 0.109756
1 0.564575 0.487412 0.119229 0.010352
1 0.741323 0.481138 0.008506 0.092529
0 0.843457 0.430327 0.041348 0.005967
1 0.906255 0.447554 0.048252 0.007256
1 0.885898 0.442271 0.006973 0.017549
0 0.992876 0.257759 0.014248 0.007002
1 0.922002 0.119180 0.009766 0.047168
1 0.926616 0.139512 0.018447 0.006504
1 0.936235 0.229102 0.014912 0.050156
0 0.839331 0.258091 0.049326 0.006416
0 0.793765 0.295518 0.005752 0.049609
0 0.728481 0.380625 0.015693 0.058301
0 0.728564 0.591670 0.015684 0.057129
1 0.728564 0.556958 0.015684 0.012295
1 0.716787 0.715957 0.007051 0.015723
0 0.685747 0.716226 0.058818 0.015186
0 0.495820 0.673726 0.015859 0.058584
