0 0.800459 0.605640 0.114336 0.030068
1 0.912056 0.286265 0.028350 0.256377
1 0.078032 0.668906 0.024033 0.108613
1 0.092231 0.711523 0.052275 0.023691
1 0.421289 0.715254 0.610547 0.031406
1 0.711475 0.365430 0.030566 0.730859
1 0.733779 0.605645 0.018555 0.029570
1 0.731211 0.011255 0.012773 0.022510
1 0.721157 0.766831 0.013604 0.076689
1 0.077588 0.327339 0.023926 0.234111
1 0.077935 0.019873 0.023232 0.039746
1 0.298682 0.373032 0.423535 0.015088
1 0.503115 0.253228 0.014824 0.254697
1 0.514766 0.148145 0.013613 0.012852
1 0.502959 0.012354 0.013730 0.024707
1 0.929028 0.605254 0.141943 0.030430
1 0.879189 0.725293 0.019961 0.213086
1 0.878916 0.966089 0.019512 0.067822
1 0.721328 0.918335 0.013594 0.024854
1 0.683643 0.923848 0.088965 0.014219
1 0.646191 0.958364 0.014023 0.083271
1 0.127124 0.807085 0.023408 0.158760
1 0.948877 0.172534 0.102246 0.029033
1 0.925977 0.011572 0.148047 0.023145
0 0.721406 0.855425 0.013301 0.100537
2 0.126968 0.973115 0.022100 0.053770
2 0.127397 0.915752 0.022100 0.060879
2 0.077529 0.486553 0.022109 0.085293
2 0.078022 0.572788 0.022100 0.085225
2 0.078022 0.084082 0.022100 0.088672
2 0.078149 0.169326 0.022100 0.081309
0 0.502803 0.075444 0.014199 0.101025
0 0.571753 0.147964 0.099912 0.013682
1 0.658994 0.147710 0.074961 0.013213
0 0.879741 0.882139 0.018818 0.099785
