1 0.854282 0.635596 0.127373 0.012207
1 0.841851 0.501299 0.015596 0.260801
1 0.722554 0.378223 0.254092 0.015234
1 0.603223 0.317930 0.015625 0.135859
1 0.572109 0.246841 0.015430 0.037666
1 0.587837 0.257964 0.046592 0.015732
1 0.577217 0.382891 0.036465 0.005898
1 0.389365 0.335171 0.134746 0.007061
1 0.435229 0.195884 0.006475 0.047607
1 0.479053 0.193613 0.006348 0.063008
1 0.413965 0.158882 0.184180 0.006494
1 0.316387 0.150728 0.011367 0.123213
1 0.316475 0.395425 0.012051 0.260127
1 0.336396 0.519985 0.051914 0.010986
1 0.545840 0.519971 0.044980 0.011230
1 0.562959 0.524229 0.010645 0.019727
1 0.593857 0.635698 0.072480 0.011650
1 0.563096 0.633076 0.011113 0.016836
1 0.316650 0.617871 0.012598 0.048047
1 0.731436 0.299614 0.015449 0.142354
1 0.617109 0.309751 0.010117 0.119365
1 0.384082 0.323516 0.007207 0.015957
1 0.667578 0.364785 0.110742 0.009648
1 0.560937 0.158779 0.006152 0.006543
0 0.531919 0.158843 0.051807 0.006650
0 0.572109 0.200771 0.015273 0.054609
0 0.935039 0.337695 0.006504 0.042656
1 0.969102 0.259917 0.061797 0.006143
1 0.969102 0.281211 0.061797 0.006094
0 0.934844 0.190352 0.006094 0.042598
0 0.837622 0.158945 0.056572 0.006348
0 0.731338 0.199639 0.015254 0.057480
1 0.858442 0.406714 0.007842 0.099775
1 0.800884 0.360132 0.122959 0.006611
1 0.865410 0.479155 0.006895 0.024717
1 0.934165 0.468979 0.006572 0.010889
1 0.900254 0.470625 0.075117 0.006934
1 0.859063 0.487666 0.018867 0.007617
1 0.864307 0.585493 0.006934 0.087861
1 0.858882 0.545024 0.017783 0.006201
2 0.944043 0.635420 0.052148 0.012305
2 0.648867 0.635605 0.037227 0.012305
2 0.697471 0.635654 0.059785 0.012305
2 0.759082 0.635645 0.062891 0.012305
2 0.561978 0.546709 0.014717 0.024863
2 0.561855 0.592041 0.014531 0.064941
2 0.475576 0.521240 0.094746 0.013770
2 0.395146 0.520947 0.064980 0.013770
1 0.717949 0.309839 0.010117 0.119189
1 0.706733 0.254966 0.032900 0.009795
1 0.358076 0.319243 0.059238 0.007412
1 0.331987 0.293027 0.006924 0.059453
1 0.329053 0.266631 0.013184 0.006309
1 0.462314 0.308828 0.007051 0.055840
1 0.470586 0.284429 0.024121 0.007588
1 0.479116 0.333906 0.007061 0.106543
1 0.468765 0.383916 0.027939 0.006484
1 0.458135 0.359312 0.007090 0.055693
1 0.479209 0.278447 0.006836 0.004687
0 0.479185 0.250586 0.006475 0.050684
1 0.399502 0.171689 0.153262 0.006719
2 0.316533 0.061421 0.011914 0.054893
2 0.316543 0.016904 0.011914 0.033809
2 0.316543 0.238960 0.011914 0.052744
1 0.572095 0.086699 0.015811 0.173398
1 0.731440 0.085469 0.015439 0.170937
1 0.773975 0.158901 0.070527 0.006279
1 0.933008 0.158779 0.133984 0.005957
1 0.934897 0.165410 0.006182 0.007187
1 0.934932 0.263940 0.006113 0.104463
1 0.935005 0.365239 0.006201 0.012256
1 0.965874 0.376650 0.068252 0.011504
1 0.858906 0.340342 0.006777 0.038496
1 0.924189 0.459663 0.151621 0.007139
1 0.985190 0.635645 0.029619 0.011660
