1 0.382104 0.433428 0.012939 0.078770
1 0.414014 0.400850 0.076855 0.013438
1 0.460000 0.305742 0.020156 0.204492
1 0.543350 0.398120 0.186016 0.019736
1 0.626279 0.499512 0.019316 0.221680
1 0.584707 0.600513 0.102461 0.019736
1 0.543560 0.770547 0.019326 0.359062
1 0.543760 0.960088 0.278926 0.026230
1 0.914985 0.960044 0.055518 0.026338
1 0.929414 0.761348 0.026660 0.423789
1 0.929165 0.313071 0.026494 0.318330
1 0.929995 0.012988 0.024834 0.025977
1 0.877437 0.190781 0.081553 0.030430
1 0.950166 0.770815 0.020566 0.438838
1 0.924082 0.981431 0.071953 0.019170
1 0.949658 0.313052 0.020801 0.317100
1 0.949941 0.012915 0.020234 0.025830
0 0.303213 0.190894 0.115449 0.030635
0 0.382266 0.523218 0.012578 0.100439
0 0.704282 0.273037 0.012666 0.100547
2 0.239404 0.961968 0.078613 0.029854
2 0.341890 0.961899 0.126025 0.030381
1 0.149575 0.578032 0.020420 0.742568
0 0.065869 0.191372 0.114746 0.031084
1 0.004263 0.191704 0.008525 0.030264
1 0.003232 0.002314 0.006465 0.004629
0 0.065269 0.002656 0.113486 0.005313
0 0.311846 0.003687 0.114180 0.007373
1 0.188042 0.003003 0.130674 0.006006
0 0.779712 0.003018 0.112334 0.006035
1 0.547583 0.003198 0.350811 0.006396
1 0.876533 0.003032 0.080840 0.006064
0 0.932412 0.089585 0.030918 0.127803
0 0.780645 0.190742 0.114863 0.030254
2 0.929893 0.511182 0.035078 0.079785
2 0.745732 0.961929 0.122793 0.029795
2 0.848511 0.962441 0.080615 0.029805
1 0.104932 0.981338 0.190332 0.019355
1 0.544102 0.980000 0.277070 0.020156
1 0.382417 0.588672 0.012471 0.030605
1 0.455166 0.597397 0.157891 0.013604
1 0.184888 0.190996 0.122432 0.031094
1 0.104141 0.959741 0.190449 0.026240
1 0.704541 0.213926 0.012676 0.017793
1 0.673633 0.603730 0.075332 0.013770
1 0.704536 0.362446 0.012959 0.078408
1 0.673057 0.395249 0.076348 0.012803
1 0.541167 0.190791 0.361416 0.030664
