1 0.545059 0.543330 0.006055 0.006738
0 0.367754 0.424375 0.043906 0.005977
0 0.304966 0.295020 0.006807 0.053711
1 0.239697 0.324893 0.006543 0.006250
0 0.239839 0.295537 0.007490 0.052031
0 0.489263 0.343813 0.051572 0.006514
0 0.464985 0.424839 0.043115 0.005986
0 0.899277 0.402676 0.015352 0.056035
1 0.629204 0.536440 0.027236 0.006768
1 0.639365 0.512095 0.006914 0.055693
1 0.634888 0.439341 0.015264 0.058408
0 0.634570 0.381479 0.015625 0.055400
0 0.733735 0.476528 0.056729 0.015303
0 0.545020 0.571558 0.007031 0.049463
0 0.593926 0.537202 0.042129 0.009287
2 0.852764 0.152383 0.063535 0.011035
2 0.735527 0.153154 0.098477 0.011035
2 0.849507 0.911221 0.036123 0.011035
2 0.885317 0.911221 0.034111 0.011035
2 0.929800 0.911084 0.054326 0.011035
2 0.781348 0.817822 0.010254 0.034297
2 0.781348 0.864614 0.010254 0.058135
2 0.511055 0.821250 0.010254 0.038008
2 0.511182 0.867339 0.010254 0.053799
2 0.407935 0.911035 0.091455 0.011719
2 0.148496 0.785469 0.112187 0.011289
2 0.237515 0.785645 0.065264 0.011719
2 0.036260 0.555596 0.011328 0.035449
2 0.036084 0.519272 0.011328 0.036064
2 0.036084 0.598711 0.011328 0.053672
2 0.035947 0.410698 0.011328 0.053662
2 0.035811 0.214385 0.011328 0.035840
2 0.035811 0.177700 0.011328 0.036592
2 0.035547 0.258770 0.011328 0.053672
2 0.328853 0.089463 0.053604 0.011270
2 0.483950 0.089258 0.037432 0.011270
2 0.521025 0.089214 0.036582 0.011279
2 0.743281 0.785508 0.058047 0.010625
2 0.582227 0.785518 0.047051 0.011270
1 0.060957 0.785659 0.061953 0.011494
1 0.035713 0.708569 0.011133 0.165479
1 0.035874 0.468008 0.011143 0.063789
1 0.937427 0.152983 0.096045 0.011045
1 0.899155 0.265649 0.015361 0.216846
1 0.953418 0.364961 0.093164 0.006484
1 0.899346 0.449990 0.015527 0.037598
1 0.996523 0.687793 0.006953 0.437500
1 0.881099 0.476724 0.237803 0.015400
1 0.978604 0.911099 0.042793 0.011299
1 0.785547 0.902363 0.011328 0.005664
1 0.805151 0.911050 0.050244 0.011357
1 0.788267 0.751733 0.006475 0.058447
1 0.785649 0.795518 0.011514 0.008496
1 0.781987 0.785605 0.018643 0.010937
1 0.659814 0.785366 0.107129 0.010713
1 0.635337 0.672559 0.058818 0.007422
1 0.668887 0.699414 0.007910 0.163086
1 0.788184 0.632812 0.006445 0.042773
1 0.694932 0.614624 0.193145 0.006299
1 0.545298 0.603887 0.006455 0.014492
1 0.528223 0.614512 0.053320 0.006445
1 0.504702 0.695503 0.006260 0.168154
1 0.529888 0.785596 0.056826 0.011230
1 0.507041 0.789839 0.010957 0.019736
1 0.507275 0.908135 0.011133 0.017578
1 0.141138 0.334204 0.198975 0.012256
1 0.483062 0.911064 0.059482 0.011660
1 0.339390 0.911094 0.044209 0.011719
1 0.323193 0.848633 0.011621 0.136914
1 0.299731 0.785547 0.058154 0.010938
1 0.321152 0.652832 0.014961 0.256055
1 0.440479 0.531992 0.253418 0.015586
1 0.559341 0.504150 0.015947 0.070801
1 0.628218 0.476587 0.153916 0.015342
1 0.554736 0.445361 0.006934 0.046777
1 0.522510 0.424814 0.071387 0.005957
1 0.416699 0.424805 0.052930 0.005957
1 0.397261 0.473120 0.006455 0.102588
1 0.337187 0.424888 0.015684 0.006279
1 0.321372 0.472954 0.015400 0.103506
1 0.239971 0.359585 0.006738 0.038115
1 0.035615 0.334990 0.011133 0.098008
1 0.305054 0.266016 0.006689 0.004102
1 0.275918 0.260254 0.065547 0.007031
1 0.276133 0.201221 0.064746 0.008027
1 0.239990 0.182349 0.007129 0.174170
1 0.589146 0.089771 0.098994 0.011533
1 0.632871 0.115225 0.011836 0.062871
1 0.656670 0.153193 0.059238 0.011270
1 0.634839 0.255132 0.015576 0.196201
1 0.570908 0.344033 0.111504 0.006621
1 0.442139 0.344092 0.042090 0.006934
1 0.355420 0.344048 0.107520 0.007021
1 0.305112 0.334863 0.006904 0.025586
1 0.415171 0.220454 0.011787 0.250498
1 0.410400 0.089453 0.109473 0.011133
1 0.165967 0.089565 0.271973 0.011357
1 0.035713 0.121743 0.011133 0.075518
