1 0.243071 0.379868 0.005479 0.027061
1 0.561445 0.209668 0.021328 0.419336
1 0.557739 0.010630 0.028174 0.021260
1 0.501152 0.177344 0.098945 0.011133
1 0.315928 0.177100 0.098945 0.012012
1 0.261343 0.213823 0.011748 0.315342
1 0.260918 0.402344 0.012598 0.028125
1 0.150308 0.061997 0.233955 0.012666
1 0.414819 0.010176 0.255986 0.020352
1 0.039497 0.034141 0.012861 0.067754
1 0.203369 0.771484 0.137715 0.023633
1 0.561304 0.573433 0.022510 0.095127
1 0.222700 0.040532 0.011807 0.029287
1 0.259507 0.018018 0.010088 0.036035
1 0.241299 0.031851 0.047871 0.011807
1 0.409141 0.062539 0.281621 0.013008
0 0.408462 0.177368 0.086064 0.011572
2 0.561069 0.472510 0.022959 0.106367
2 0.562153 0.659668 0.024912 0.077539
2 0.562153 0.729092 0.024912 0.060762
2 0.327051 0.773242 0.109180 0.027148
2 0.433896 0.773174 0.104082 0.027148
2 0.516641 0.773164 0.060859 0.027148
2 0.097402 0.771680 0.074492 0.023828
2 0.030054 0.771689 0.060107 0.023828
1 0.074580 0.040591 0.011543 0.029561
1 0.063130 0.033154 0.034463 0.014453
1 0.247461 0.390464 0.014258 0.005674
1 0.248047 0.369326 0.015234 0.006152
1 0.264502 0.379966 0.005371 0.016709
