1 0.476685 0.153296 0.022217 0.087861
0 0.969780 0.483550 0.060439 0.011338
2 0.210576 0.967725 0.023340 0.064551
2 0.210566 0.872295 0.022695 0.126113
2 0.383481 0.694321 0.130244 0.027314
2 0.280112 0.694111 0.075713 0.027344
2 0.474312 0.522534 0.027334 0.132373
2 0.474316 0.326699 0.027344 0.259062
2 0.968115 0.120513 0.063770 0.022256
1 0.856406 0.233818 0.036758 0.012070
1 0.868311 0.186069 0.012695 0.107061
1 0.723823 0.695884 0.552354 0.023506
1 0.220010 0.696133 0.043848 0.023613
1 0.210161 0.746724 0.023037 0.124795
1 0.920332 0.796958 0.011680 0.179678
1 0.956953 0.880415 0.084922 0.012705
1 0.209688 0.156421 0.021016 0.093115
1 0.700723 0.120732 0.470195 0.022227
1 0.831646 0.309863 0.012236 0.358594
1 0.882285 0.483545 0.114141 0.011230
1 0.476489 0.636113 0.022139 0.095117
