1 0.156689 0.546943 0.094648 0.015762
1 0.114165 0.486230 0.007998 0.108594
1 0.085796 0.436182 0.064932 0.008496
1 0.363027 0.547202 0.089180 0.015479
1 0.093423 0.147178 0.007998 0.294355
1 0.096299 0.296973 0.138125 0.007715
1 0.290352 0.296885 0.018711 0.007422
1 0.203511 0.945283 0.407021 0.031094
1 0.117578 0.734243 0.016797 0.390166
1 0.499961 0.966816 0.999922 0.015586
1 0.415869 0.738989 0.021387 0.444385
1 0.712598 0.948345 0.574805 0.024990
1 0.731104 0.576284 0.254785 0.027861
1 0.844556 0.681094 0.027861 0.238164
1 0.730952 0.786079 0.255068 0.027529
1 0.572417 0.791768 0.066885 0.015566
1 0.617397 0.764717 0.027510 0.070566
1 0.713232 0.378955 0.573535 0.022363
1 0.415796 0.384570 0.021123 0.033398
1 0.351572 0.380493 0.107012 0.025244
1 0.310703 0.196631 0.025508 0.393262
0 0.026553 0.436152 0.053105 0.007324
1 0.432251 0.792256 0.011201 0.014883
0 0.488110 0.791519 0.101064 0.015850
0 0.415625 0.459033 0.021484 0.114551
0 0.013423 0.297285 0.026846 0.007324
0 0.223062 0.296807 0.115205 0.007324
0 0.261567 0.546924 0.114541 0.015332
