1 0.456670 0.545059 0.006738 0.006055
0 0.575625 0.367754 0.005977 0.043906
0 0.704980 0.304966 0.053711 0.006807
1 0.675107 0.239697 0.006250 0.006543
0 0.704463 0.239839 0.052031 0.007490
0 0.656187 0.489263 0.006514 0.051572
0 0.575161 0.464985 0.005986 0.043115
0 0.597324 0.899277 0.056035 0.015352
1 0.463560 0.629204 0.006768 0.027236
1 0.487905 0.639365 0.055693 0.006914
1 0.560659 0.634888 0.058408 0.015264
0 0.618521 0.634570 0.055400 0.015625
0 0.523472 0.733735 0.015303 0.056729
0 0.428442 0.545020 0.049463 0.007031
0 0.462798 0.593926 0.009287 0.042129
2 0.847617 0.852764 0.011035 0.063535
2 0.846846 0.735527 0.011035 0.098477
2 0.088779 0.849507 0.011035 0.036123
2 0.088779 0.885317 0.011035 0.034111
2 0.088916 0.929800 0.011035 0.054326
2 0.182178 0.781348 0.034297 0.010254
2 0.135386 0.781348 0.058135 0.010254
2 0.178750 0.511055 0.038008 0.010254
2 0.132661 0.511182 0.053799 0.010254
2 0.088965 0.407935 0.011719 0.091455
2 0.214531 0.148496 0.011289 0.112187
2 0.214355 0.237515 0.011719 0.065264
2 0.444404 0.036260 0.035449 0.011328
2 0.480728 0.036084 0.036064 0.011328
2 0.401289 0.036084 0.053672 0.011328
2 0.589302 0.035947 0.053662 0.011328
2 0.785615 0.035811 0.035840 0.011328
2 0.822300 0.035811 0.036592 0.011328
2 0.741230 0.035547 0.053672 0.011328
2 0.910537 0.328853 0.011270 0.053604
2 0.910742 0.483950 0.011270 0.037432
2 0.910786 0.521025 0.011279 0.036582
2 0.214492 0.743281 0.010625 0.058047
2 0.214482 0.582227 0.011270 0.047051
1 0.214341 0.060957 0.011494 0.061953
1 0.291431 0.035713 0.165479 0.011133
1 0.531992 0.035874 0.063789 0.011143
1 0.847017 0.937427 0.011045 0.096045
1 0.734351 0.899155 0.216846 0.015361
1 0.635039 0.953418 0.006484 0.093164
1 0.550010 0.899346 0.037598 0.015527
1 0.312207 0.996523 0.437500 0.006953
1 0.523276 0.881099 0.015400 0.237803
1 0.088901 0.978604 0.011299 0.042793
1 0.097637 0.785547 0.005664 0.011328
1 0.088950 0.805151 0.011357 0.050244
1 0.248267 0.788267 0.058447 0.006475
1 0.204482 0.785649 0.008496 0.011514
1 0.214395 0.781987 0.010937 0.018643
1 0.214634 0.659814 0.010713 0.107129
1 0.327441 0.635337 0.007422 0.058818
1 0.300586 0.668887 0.163086 0.007910
1 0.367188 0.788184 0.042773 0.006445
1 0.385376 0.694932 0.006299 0.193145
1 0.396113 0.545298 0.014492 0.006455
1 0.385488 0.528223 0.006445 0.053320
1 0.304497 0.504702 0.168154 0.006260
1 0.214404 0.529888 0.011230 0.056826
1 0.210161 0.507041 0.019736 0.010957
1 0.091865 0.507275 0.017578 0.011133
1 0.665796 0.141138 0.012256 0.198975
1 0.088936 0.483062 0.011660 0.059482
1 0.088906 0.339390 0.011719 0.044209
1 0.151367 0.323193 0.136914 0.011621
1 0.214453 0.299731 0.010938 0.058154
1 0.347168 0.321152 0.256055 0.014961
1 0.468008 0.440479 0.015586 0.253418
1 0.495850 0.559341 0.070801 0.015947
1 0.523413 0.628218 0.015342 0.153916
1 0.554639 0.554736 0.046777 0.006934
1 0.575186 0.522510 0.005957 0.071387
1 0.575195 0.416699 0.005957 0.052930
1 0.526880 0.397261 0.102588 0.006455
1 0.575112 0.337187 0.006279 0.015684
1 0.527046 0.321372 0.103506 0.015400
1 0.640415 0.239971 0.038115 0.006738
1 0.665010 0.035615 0.098008 0.011133
1 0.733984 0.305054 0.004102 0.006689
1 0.739746 0.275918 0.007031 0.065547
1 0.798779 0.276133 0.008027 0.064746
1 0.817651 0.239990 0.174170 0.007129
1 0.910229 0.589146 0.011533 0.098994
1 0.884775 0.632871 0.062871 0.011836
1 0.846807 0.656670 0.011270 0.059238
1 0.744868 0.634839 0.196201 0.015576
1 0.655967 0.570908 0.006621 0.111504
1 0.655908 0.442139 0.006934 0.042090
1 0.655952 0.355420 0.007021 0.107520
1 0.665137 0.305112 0.025586 0.006904
1 0.779546 0.415171 0.250498 0.011787
1 0.910547 0.410400 0.011133 0.109473
1 0.910435 0.165967 0.011357 0.271973
1 0.878257 0.035713 0.075518 0.011133
