1 0.443359 0.456470 0.769531 0.037373
1 0.808823 0.329243 0.037764 0.292686
1 0.811816 0.513965 0.030859 0.081250
1 0.399390 0.947725 0.013018 0.075898
1 0.697285 0.759404 0.204687 0.019277
1 0.049541 0.751567 0.025059 0.140420
1 0.812402 0.834912 0.031250 0.330176
1 0.713945 0.006777 0.273926 0.013555
1 0.028042 0.237422 0.018506 0.474844
0 0.912451 0.006499 0.124336 0.012998
1 0.788594 0.998091 0.015098 0.003818
0 0.729761 0.998091 0.099912 0.003818
1 0.646563 0.998325 0.065000 0.003350
1 0.607754 0.955205 0.012617 0.089590
1 0.026982 0.751050 0.017305 0.141475
2 0.047104 0.514277 0.029717 0.082031
2 0.046807 0.618604 0.029121 0.125430
1 0.611675 0.195435 0.081748 0.026865
1 0.590190 0.310068 0.037412 0.255684
0 0.514619 0.006577 0.123867 0.013154
0 0.808594 0.098667 0.038379 0.168818
0 0.812549 0.612236 0.031543 0.114687
0 0.479536 0.656597 0.100303 0.012998
2 0.047788 0.861904 0.030400 0.077012
2 0.047764 0.950767 0.030352 0.098467
1 0.604741 0.829990 0.019600 0.160371
1 0.257588 0.006675 0.390957 0.013350
1 0.048560 0.237627 0.026221 0.475254
1 0.986787 0.006777 0.026426 0.013555
1 0.235674 0.811133 0.353184 0.019727
1 0.402388 0.856250 0.019814 0.108984
1 0.503623 0.900557 0.221758 0.019199
1 0.414570 0.656587 0.030098 0.012607
1 0.405679 0.726338 0.013428 0.152090
1 0.569385 0.656514 0.078809 0.013027
1 0.601836 0.699883 0.013066 0.099766
