1 0.426523 0.589258 0.085078 0.007422
1 0.459473 0.554785 0.006895 0.061914
1 0.453887 0.380371 0.015625 0.160937
1 0.491846 0.452974 0.091504 0.015811
1 0.529395 0.508789 0.016211 0.127148
1 0.750742 0.564521 0.008496 0.015527
1 0.605962 0.564766 0.169150 0.015254
1 0.786416 0.499424 0.034961 0.006543
1 0.870000 0.492021 0.005625 0.007910
1 0.909277 0.499609 0.110352 0.006836
1 0.870073 0.409814 0.005967 0.072168
1 0.987061 0.305098 0.025879 0.006836
1 0.981719 0.496484 0.036484 0.011914
1 0.925557 0.770728 0.076816 0.011475
1 0.783516 0.770854 0.059023 0.010850
1 0.759712 0.878320 0.011553 0.225781
1 0.738184 0.995654 0.054609 0.008691
1 0.547207 0.995688 0.178633 0.008623
1 0.567256 0.856396 0.006152 0.269629
1 0.570322 0.698076 0.011934 0.046875
1 0.466797 0.680615 0.218750 0.011816
1 0.614648 0.718457 0.077344 0.006621
1 0.732373 0.718350 0.043262 0.006621
1 0.761777 0.595410 0.015332 0.342187
1 0.717432 0.293569 0.104395 0.016416
1 0.761807 0.326460 0.015625 0.082217
1 0.810210 0.229082 0.008701 0.006680
1 0.802598 0.256738 0.006152 0.062109
1 0.908691 0.229429 0.090625 0.006631
1 0.893037 0.139595 0.006582 0.172373
1 0.910029 0.048145 0.088730 0.011328
1 0.713965 0.048145 0.118945 0.012109
1 0.660264 0.171973 0.011543 0.259570
1 0.603555 0.295811 0.124922 0.011738
1 0.410034 0.295923 0.113330 0.011768
1 0.150049 0.296021 0.300098 0.011963
1 0.969443 0.402148 0.011621 0.200586
1 0.225073 0.326416 0.006299 0.048730
0 0.976973 0.229512 0.046055 0.006836
1 0.906660 0.173281 0.020566 0.007109
1 0.913540 0.197852 0.007412 0.056250
1 0.906670 0.104375 0.020566 0.007109
1 0.913472 0.081025 0.007412 0.054238
1 0.410972 0.314292 0.069658 0.006885
1 0.379663 0.309863 0.007373 0.015918
1 0.250806 0.438950 0.044482 0.006885
1 0.269834 0.441011 0.006738 0.011143
1 0.238965 0.324600 0.006738 0.044746
1 0.235239 0.343896 0.014072 0.006348
2 0.982129 0.770674 0.035742 0.011465
1 0.246904 0.995737 0.099668 0.008525
1 0.202544 0.992930 0.011377 0.014141
1 0.005801 0.875405 0.011602 0.011494
0 0.248369 0.639121 0.006562 0.055527
2 0.066201 0.875410 0.108711 0.011484
2 0.201743 0.904854 0.013818 0.030527
2 0.328140 0.995674 0.061494 0.008652
0 0.682178 0.718350 0.057871 0.006816
2 0.201646 0.952808 0.013818 0.065088
2 0.389375 0.995757 0.060508 0.008486
2 0.438647 0.995703 0.037842 0.008594
2 0.655532 0.995728 0.037764 0.008545
2 0.692554 0.995752 0.036182 0.008496
2 0.831812 0.770659 0.037764 0.011436
2 0.868911 0.770664 0.035225 0.011055
2 0.485669 0.295957 0.037764 0.011797
2 0.522695 0.296055 0.036055 0.011797
2 0.326538 0.296118 0.052842 0.011807
2 0.792222 0.048130 0.036064 0.011807
2 0.837744 0.048130 0.054590 0.011807
2 0.977393 0.047852 0.045215 0.011797
0 0.362690 0.589380 0.042275 0.007197
1 0.524912 0.582793 0.007148 0.020234
1 0.597754 0.587852 0.138477 0.010078
1 0.663984 0.582715 0.006055 0.020313
1 0.516377 0.589312 0.009473 0.006729
1 0.365078 0.462178 0.070039 0.006484
1 0.448115 0.496807 0.005664 0.057109
1 0.422793 0.470801 0.056719 0.006250
1 0.397217 0.466455 0.005762 0.014941
1 0.410986 0.439136 0.070020 0.007334
1 0.355508 0.449229 0.052031 0.005879
1 0.378594 0.443818 0.005566 0.016992
0 0.286719 0.519873 0.057812 0.006543
0 0.225068 0.379780 0.006191 0.057236
1 0.460396 0.492476 0.005186 0.062803
1 0.454233 0.522012 0.017861 0.007031
0 0.490264 0.589399 0.042480 0.006943
0 0.718472 0.564795 0.055635 0.015332
0 0.761816 0.395996 0.015625 0.056445
1 0.915181 0.310327 0.097236 0.016631
1 0.870068 0.325615 0.006348 0.013574
0 0.870088 0.353115 0.006113 0.041211
1 0.918184 0.409385 0.090781 0.007715
1 0.918330 0.390713 0.090781 0.007715
0 0.870059 0.466934 0.006113 0.042109
0 0.828955 0.499658 0.050098 0.006934
0 0.838965 0.229395 0.048438 0.006836
1 0.788096 0.299697 0.036719 0.006445
1 0.788096 0.288228 0.036719 0.005947
1 0.803525 0.294033 0.006055 0.017773
1 0.202979 0.879609 0.010859 0.019883
1 0.164492 0.875278 0.087617 0.011299
1 0.125898 0.680610 0.251797 0.011631
1 0.248223 0.670928 0.005957 0.008301
1 0.248340 0.567236 0.006836 0.087598
1 0.128760 0.519941 0.257520 0.006875
1 0.225088 0.431250 0.006934 0.045508
1 0.275586 0.450391 0.108008 0.007227
1 0.319282 0.519863 0.007139 0.006348
1 0.335713 0.589287 0.011914 0.006777
1 0.326367 0.519727 0.006641 0.146094
