1 0.353491 0.785967 0.060908 0.022402
0 0.927891 0.325288 0.014570 0.101807
0 0.777876 0.325015 0.013252 0.100127
0 0.664756 0.091069 0.028633 0.112861
0 0.982925 0.007217 0.034150 0.014434
0 0.740649 0.007290 0.100596 0.014287
0 0.057373 0.325205 0.014551 0.100527
0 0.067158 0.083052 0.029863 0.113721
1 0.027437 0.872666 0.054873 0.022676
1 0.063579 0.839492 0.022705 0.089375
1 0.652935 0.786035 0.080088 0.022266
1 0.681328 0.839453 0.022891 0.089063
1 0.707339 0.872793 0.034658 0.022754
1 0.868799 0.872422 0.060391 0.022578
1 0.687446 0.581836 0.014365 0.390625
1 0.807412 0.393677 0.254512 0.014170
1 0.777783 0.381147 0.012773 0.011025
1 0.927812 0.381147 0.013672 0.010615
1 0.927959 0.231118 0.013555 0.086748
1 0.777979 0.231274 0.013379 0.087256
1 0.067017 0.012979 0.029580 0.025957
1 0.961177 0.178950 0.077646 0.022568
1 0.878394 0.007974 0.174111 0.013350
1 0.730703 0.178843 0.106719 0.022471
1 0.664658 0.154180 0.029355 0.011348
1 0.664854 0.017085 0.029668 0.034170
1 0.684136 0.007695 0.012861 0.013008
2 0.949131 0.872710 0.101738 0.022822
2 0.781670 0.872710 0.115762 0.022822
2 0.569731 0.785972 0.086143 0.022822
2 0.483979 0.785972 0.086143 0.022822
2 0.280718 0.786157 0.085439 0.022822
1 0.365967 0.175039 0.626855 0.030391
1 0.067026 0.165132 0.029561 0.049404
1 0.057588 0.231445 0.013926 0.086895
1 0.025000 0.393691 0.050000 0.014375
1 0.057544 0.576436 0.014756 0.401309
1 0.101943 0.786152 0.099434 0.022695
2 0.194932 0.786147 0.086152 0.022822
1 0.396211 0.493701 0.030430 0.607129
1 0.425234 0.785889 0.032539 0.022559
