1 0.233643 0.482573 0.170605 0.011611
1 0.397520 0.811826 0.175859 0.011660
1 0.314448 0.824189 0.010693 0.037363
1 0.221230 0.509224 0.011250 0.040479
1 0.188066 0.523579 0.077578 0.010635
2 0.496714 0.653730 0.022021 0.106133
2 0.496709 0.980020 0.022383 0.039961
1 0.069004 0.824561 0.138008 0.012383
0 0.143369 0.403662 0.010957 0.114102
1 0.143652 0.652168 0.010156 0.382461
1 0.160894 0.756738 0.023525 0.175781
1 0.185645 0.823892 0.040234 0.036846
1 0.242974 0.858716 0.485947 0.030166
1 0.496665 0.833555 0.022275 0.252812
1 0.458325 0.482666 0.054092 0.012422
1 0.496660 0.538501 0.022227 0.124092
1 0.737266 0.487871 0.503437 0.022695
1 0.993848 0.478750 0.012305 0.040508
1 0.994004 0.170640 0.011992 0.204619
1 0.717041 0.130825 0.543066 0.012236
1 0.439131 0.323647 0.157949 0.012744
1 0.438989 0.158984 0.013057 0.317969
1 0.285254 0.016802 0.295508 0.012607
1 0.143335 0.178833 0.011182 0.335596
1 0.185898 0.323779 0.073750 0.012598
0 0.374883 0.482642 0.112344 0.011748
