1 0.740234 0.320898 0.519531 0.031641
1 0.063140 0.892871 0.126279 0.022852
1 0.346494 0.892773 0.213262 0.022461
1 0.465313 0.683301 0.031484 0.442578
1 0.464976 0.173770 0.030732 0.347539
1 0.409531 0.317148 0.086602 0.022266
1 0.161255 0.317158 0.181611 0.022910
1 0.076758 0.153662 0.014062 0.307324
1 0.761753 0.091064 0.014971 0.182129
1 0.860498 0.174858 0.212598 0.013975
1 0.865649 0.187095 0.012764 0.014619
1 0.865728 0.301650 0.013135 0.013105
1 0.670718 0.710669 0.028350 0.070889
1 0.784482 0.731753 0.255840 0.028877
1 0.898076 0.627012 0.028848 0.238594
1 0.784482 0.521997 0.255879 0.028350
1 0.740771 0.893184 0.272559 0.022891
1 0.893252 0.892861 0.036113 0.023398
1 0.388779 0.582637 0.128066 0.022695
1 0.408311 0.633877 0.008398 0.082305
1 0.442603 0.775537 0.008506 0.216895
1 0.425625 0.671074 0.042813 0.008027
1 0.131782 0.582480 0.154580 0.023027
1 0.027783 0.456074 0.055566 0.014668
1 0.048115 0.579053 0.014395 0.260645
1 0.090986 0.800488 0.008398 0.166211
1 0.045020 0.800303 0.007871 0.167012
1 0.068042 0.712900 0.054248 0.008223
2 0.955249 0.892285 0.089502 0.023066
0 0.266772 0.582378 0.115225 0.022275
0 0.465488 0.405088 0.028965 0.113301
0 0.308926 0.317124 0.114121 0.023096
0 0.865845 0.244893 0.012725 0.099902
0 0.983672 0.174731 0.032656 0.013682
2 0.182881 0.893145 0.116133 0.021641
2 0.542949 0.893057 0.124297 0.021699
