2 0.292549 0.977637 0.063340 0.012109
1 0.549106 0.568491 0.113857 0.009443
0 0.453374 0.569775 0.043545 0.006934
0 0.489790 0.661084 0.056006 0.011426
0 0.613618 0.608867 0.015459 0.056465
0 0.673472 0.873018 0.089365 0.011855
2 0.290527 0.276240 0.052910 0.011797
1 0.203232 0.304731 0.006660 0.045732
1 0.199395 0.324238 0.014102 0.006484
1 0.233672 0.421953 0.006738 0.011367
1 0.214678 0.419824 0.044824 0.006875
0 0.189111 0.360610 0.006543 0.055381
0 0.212183 0.619580 0.006787 0.055215
1 0.374893 0.295283 0.069297 0.007148
1 0.343306 0.290288 0.005967 0.016611
1 0.424287 0.472476 0.005137 0.062217
1 0.417485 0.502119 0.018037 0.007363
1 0.343672 0.425190 0.006621 0.017705
1 0.374966 0.419668 0.069209 0.007402
1 0.320112 0.430132 0.052275 0.007705
1 0.360786 0.446895 0.006260 0.017676
1 0.386929 0.451328 0.057803 0.007402
1 0.412144 0.476343 0.006631 0.057432
1 0.328760 0.442109 0.068848 0.008105
0 0.250659 0.500342 0.057783 0.006348
1 0.283408 0.500327 0.007207 0.005889
1 0.295527 0.569487 0.017090 0.007119
1 0.290371 0.500391 0.006699 0.145508
0 0.325640 0.569385 0.042861 0.006934
2 0.486758 0.275918 0.037031 0.012559
2 0.449609 0.275723 0.037266 0.012559
0 0.802739 0.209478 0.049346 0.006826
0 0.834009 0.448110 0.006104 0.043408
1 0.834141 0.473213 0.006367 0.006543
0 0.834033 0.333223 0.006152 0.041602
0 0.725659 0.376157 0.015596 0.055889
0 0.792383 0.480044 0.049414 0.007295
1 0.752036 0.274326 0.036553 0.018984
2 0.801963 0.028252 0.053887 0.011738
2 0.756626 0.028350 0.036787 0.011465
2 0.945327 0.028721 0.052686 0.011895
0 0.943408 0.209482 0.049160 0.007324
0 0.990889 0.285605 0.018223 0.007090
1 0.977964 0.147197 0.005342 0.020000
1 0.987812 0.140859 0.024375 0.007051
1 0.987646 0.153198 0.024707 0.007861
1 0.877231 0.061143 0.007236 0.053535
1 0.870889 0.084492 0.019922 0.006641
1 0.877280 0.178213 0.006768 0.055957
1 0.870742 0.153911 0.019414 0.007217
1 0.879102 0.290161 0.096484 0.017119
1 0.882129 0.381470 0.090430 0.024502
2 0.967305 0.752427 0.065391 0.013447
2 0.902324 0.752358 0.064102 0.013447
2 0.832788 0.751562 0.036572 0.012109
2 0.795625 0.751514 0.037461 0.012109
2 0.553062 0.978359 0.035869 0.012109
2 0.515747 0.978281 0.038232 0.012109
2 0.403120 0.977578 0.036729 0.012109
2 0.354595 0.977578 0.060342 0.012109
2 0.164961 0.885547 0.014648 0.031055
2 0.165137 0.933936 0.014648 0.065137
2 0.020068 0.857148 0.040137 0.013848
2 0.062363 0.857275 0.044258 0.013848
1 0.567783 0.276211 0.124590 0.011484
1 0.373950 0.276143 0.113623 0.011250
1 0.132031 0.276255 0.264062 0.011377
1 0.480376 0.569741 0.010166 0.006357
1 0.488726 0.562412 0.006553 0.021191
1 0.189097 0.307134 0.006436 0.051182
1 0.189194 0.411465 0.006436 0.046172
1 0.239854 0.431133 0.108027 0.006992
1 0.110889 0.500244 0.221777 0.006348
1 0.212217 0.651670 0.006348 0.008594
1 0.212192 0.547803 0.006670 0.088379
1 0.107715 0.661094 0.215430 0.011836
1 0.128374 0.855894 0.087217 0.010732
1 0.166689 0.860283 0.010586 0.019512
1 0.166523 0.975117 0.011426 0.016797
1 0.210693 0.977690 0.099707 0.011611
1 0.616709 0.520376 0.010078 0.031670
1 0.561831 0.531416 0.119893 0.009902
1 0.506841 0.481006 0.009424 0.110723
1 0.561479 0.430322 0.118584 0.009668
1 0.525762 0.661162 0.016133 0.011367
1 0.530669 0.682144 0.006826 0.032256
1 0.567065 0.694741 0.080029 0.006826
1 0.613735 0.558779 0.015225 0.044043
1 0.553369 0.544844 0.136035 0.016172
1 0.493594 0.489111 0.016328 0.127246
1 0.455615 0.433301 0.091895 0.015430
1 0.417773 0.360693 0.016211 0.160449
1 0.423291 0.534717 0.006738 0.063184
1 0.389307 0.569727 0.084277 0.006836
1 0.391553 0.660840 0.140137 0.011523
1 0.450928 0.819482 0.006152 0.305762
1 0.459448 0.977827 0.075049 0.010732
1 0.588823 0.977651 0.034854 0.011357
1 0.611621 0.924951 0.010742 0.116309
1 0.613525 0.752632 0.014941 0.231045
1 0.724268 0.971123 0.011621 0.024746
1 0.724023 0.887915 0.012500 0.018506
1 0.723633 0.806934 0.012305 0.122266
1 0.747168 0.751304 0.058594 0.010615
1 0.860742 0.751108 0.018750 0.010615
1 0.770688 0.209551 0.014873 0.006406
1 0.766553 0.237061 0.006348 0.061426
1 0.960522 0.285498 0.042334 0.006836
1 0.963867 0.477041 0.072266 0.011934
1 0.933447 0.383887 0.011816 0.198828
1 0.834082 0.304248 0.006055 0.016113
1 0.833936 0.390137 0.006152 0.072266
1 0.872607 0.480029 0.110840 0.006836
1 0.750732 0.479980 0.034277 0.006836
1 0.725693 0.575454 0.015625 0.342646
1 0.725781 0.307275 0.015625 0.081348
1 0.681250 0.274468 0.104492 0.015596
1 0.624268 0.152197 0.011426 0.259277
1 0.678223 0.028467 0.119336 0.011621
1 0.873877 0.028555 0.089941 0.011445
1 0.985859 0.028828 0.028281 0.011953
1 0.857314 0.119971 0.007109 0.173535
1 0.873096 0.209424 0.091309 0.006934
1 0.983989 0.209399 0.032021 0.007080
