1 0.536948 0.045410 0.041865 0.012305
1 0.551455 0.025801 0.012773 0.051602
0 0.510107 0.198398 0.012422 0.112773
2 0.047329 0.822031 0.094658 0.022578
2 0.447607 0.822222 0.074121 0.022217
2 0.355659 0.822202 0.109385 0.022197
1 0.172607 0.262104 0.345215 0.013057
1 0.350894 0.262476 0.013447 0.158252
1 0.860981 0.319937 0.252627 0.022100
1 0.885239 0.154785 0.030635 0.309570
1 0.509878 0.070894 0.012275 0.141787
1 0.351006 0.023062 0.013145 0.046123
1 0.851396 0.221167 0.035996 0.175869
1 0.197852 0.822012 0.206055 0.021953
1 0.505581 0.821938 0.041260 0.022021
1 0.839004 0.015171 0.012012 0.030342
1 0.515405 0.571045 0.022021 0.523730
1 0.510127 0.282285 0.012598 0.054805
1 0.565820 0.319932 0.122852 0.022227
2 0.681299 0.319829 0.107461 0.022256
1 0.851504 0.024282 0.037012 0.012314
1 0.044326 0.129150 0.011055 0.258301
1 0.158203 0.539844 0.011328 0.543945
