1 0.079492 0.540171 0.013086 0.240498
1 0.249170 0.743457 0.029590 0.513086
1 0.228486 0.675713 0.011816 0.029199
1 0.537061 0.501787 0.545996 0.029824
1 0.799053 0.428320 0.022168 0.120703
1 0.866602 0.505308 0.117578 0.022197
1 0.054028 0.675991 0.107764 0.030244
1 0.914277 0.566030 0.022090 0.102412
1 0.914541 0.891401 0.022266 0.203311
1 0.476318 0.933345 0.013184 0.133311
1 0.464863 0.964302 0.013477 0.012803
1 0.309590 0.964258 0.095547 0.012891
0 0.165176 0.675645 0.113301 0.030664
0 0.079556 0.369092 0.016279 0.100957
0 0.079722 0.172681 0.016279 0.085107
0 0.407617 0.964404 0.099805 0.015918
2 0.798809 0.104854 0.020527 0.109434
2 0.914292 0.746948 0.020186 0.087061
2 0.798760 0.209883 0.020527 0.100547
2 0.798838 0.314258 0.020527 0.108203
2 0.914111 0.659868 0.020176 0.087061
1 0.079448 0.121450 0.012979 0.016475
1 0.082275 0.057422 0.006934 0.114844
1 0.079619 0.229248 0.012441 0.026855
1 0.036523 0.234717 0.073047 0.018848
1 0.798945 0.025762 0.021523 0.051523
1 0.036943 0.913330 0.028145 0.173340
1 0.038428 0.060254 0.007324 0.120508
1 0.261958 0.220288 0.074893 0.013154
1 0.214941 0.113525 0.019043 0.227051
1 0.054639 0.116943 0.039355 0.007520
1 0.687451 0.872578 0.435645 0.013281
1 0.011230 0.840640 0.022461 0.027900
1 0.079663 0.280693 0.012451 0.075449
