1 0.954590 0.463052 0.012305 0.041865
1 0.974199 0.448545 0.051602 0.012773
0 0.801602 0.489893 0.112773 0.012422
2 0.177969 0.952671 0.022578 0.094658
2 0.177778 0.552393 0.022217 0.074121
2 0.177798 0.644341 0.022197 0.109385
1 0.737896 0.827393 0.013057 0.345215
1 0.737524 0.649106 0.158252 0.013447
1 0.680063 0.139019 0.022100 0.252627
1 0.845215 0.114761 0.309570 0.030635
1 0.929106 0.490122 0.141787 0.012275
1 0.976938 0.648994 0.046123 0.013145
1 0.778833 0.148604 0.175869 0.035996
1 0.177988 0.802148 0.021953 0.206055
1 0.178062 0.494419 0.022021 0.041260
1 0.984829 0.160996 0.030342 0.012012
1 0.428955 0.484595 0.523730 0.022021
1 0.717715 0.489873 0.054805 0.012598
1 0.680068 0.434180 0.022227 0.122852
2 0.680171 0.318701 0.022256 0.107461
1 0.975718 0.148496 0.012314 0.037012
1 0.870850 0.955674 0.258301 0.011055
1 0.460156 0.841797 0.543945 0.011328
