2 0.977637 0.292549 0.012109 0.063340
1 0.568491 0.549106 0.009443 0.113857
0 0.569775 0.453374 0.006934 0.043545
0 0.661084 0.489790 0.011426 0.056006
0 0.608867 0.613618 0.056465 0.015459
0 0.873018 0.673472 0.011855 0.089365
2 0.276240 0.290527 0.011797 0.052910
1 0.304731 0.203232 0.045732 0.006660
1 0.324238 0.199395 0.006484 0.014102
1 0.421953 0.233672 0.011367 0.006738
1 0.419824 0.214678 0.006875 0.044824
0 0.360610 0.189111 0.055381 0.006543
0 0.619580 0.212183 0.055215 0.006787
1 0.295283 0.374893 0.007148 0.069297
1 0.290288 0.343306 0.016611 0.005967
1 0.472476 0.424287 0.062217 0.005137
1 0.502119 0.417485 0.007363 0.018037
1 0.425190 0.343672 0.017705 0.006621
1 0.419668 0.374966 0.007402 0.069209
1 0.430132 0.320112 0.007705 0.052275
1 0.446895 0.360786 0.017676 0.006260
1 0.451328 0.386929 0.007402 0.057803
1 0.476343 0.412144 0.057432 0.006631
1 0.442109 0.328760 0.008105 0.068848
0 0.500342 0.250659 0.006348 0.057783
1 0.500327 0.283408 0.005889 0.007207
1 0.569487 0.295527 0.007119 0.017090
1 0.500391 0.290371 0.145508 0.006699
0 0.569385 0.325640 0.006934 0.042861
2 0.275918 0.486758 0.012559 0.037031
2 0.275723 0.449609 0.012559 0.037266
0 0.209478 0.802739 0.006826 0.049346
0 0.448110 0.834009 0.043408 0.006104
1 0.473213 0.834141 0.006543 0.006367
0 0.333223 0.834033 0.041602 0.006152
0 0.376157 0.725659 0.055889 0.015596
0 0.480044 0.792383 0.007295 0.049414
1 0.274326 0.752036 0.018984 0.036553
2 0.028252 0.801963 0.011738 0.053887
2 0.028350 0.756626 0.011465 0.036787
2 0.028721 0.945327 0.011895 0.052686
0 0.209482 0.943408 0.007324 0.049160
0 0.285605 0.990889 0.007090 0.018223
1 0.147197 0.977964 0.020000 0.005342
1 0.140859 0.987812 0.007051 0.024375
1 0.153198 0.987646 0.007861 0.024707
1 0.061143 0.877231 0.053535 0.007236
1 0.084492 0.870889 0.006641 0.019922
1 0.178213 0.877280 0.055957 0.006768
1 0.153911 0.870742 0.007217 0.019414
1 0.290161 0.879102 0.017119 0.096484
1 0.381470 0.882129 0.024502 0.090430
2 0.752427 0.967305 0.013447 0.065391
2 0.752358 0.902324 0.013447 0.064102
2 0.751562 0.832788 0.012109 0.036572
2 0.751514 0.795625 0.012109 0.037461
2 0.978359 0.553062 0.012109 0.035869
2 0.978281 0.515747 0.012109 0.038232
2 0.977578 0.403120 0.012109 0.036729
2 0.977578 0.354595 0.012109 0.060342
2 0.885547 0.164961 0.031055 0.014648
2 0.933936 0.165137 0.065137 0.014648
2 0.857148 0.020068 0.013848 0.040137
2 0.857275 0.062363 0.013848 0.044258
1 0.276211 0.567783 0.011484 0.124590
1 0.276143 0.373950 0.011250 0.113623
1 0.276255 0.132031 0.011377 0.264062
1 0.569741 0.480376 0.006357 0.010166
1 0.562412 0.488726 0.021191 0.006553
1 0.307134 0.189097 0.051182 0.006436
1 0.411465 0.189194 0.046172 0.006436
1 0.431133 0.239854 0.006992 0.108027
1 0.500244 0.110889 0.006348 0.221777
1 0.651670 0.212217 0.008594 0.006348
1 0.547803 0.212192 0.088379 0.006670
1 0.661094 0.107715 0.011836 0.215430
1 0.855894 0.128374 0.010732 0.087217
1 0.860283 0.166689 0.019512 0.010586
1 0.975117 0.166523 0.016797 0.011426
1 0.977690 0.210693 0.011611 0.099707
1 0.520376 0.616709 0.031670 0.010078
1 0.531416 0.561831 0.009902 0.119893
1 0.481006 0.506841 0.110723 0.009424
1 0.430322 0.561479 0.009668 0.118584
1 0.661162 0.525762 0.011367 0.016133
1 0.682144 0.530669 0.032256 0.006826
1 0.694741 0.567065 0.006826 0.080029
1 0.558779 0.613735 0.044043 0.015225
1 0.544844 0.553369 0.016172 0.136035
1 0.489111 0.493594 0.127246 0.016328
1 0.433301 0.455615 0.015430 0.091895
1 0.360693 0.417773 0.160449 0.016211
1 0.534717 0.423291 0.063184 0.006738
1 0.569727 0.389307 0.006836 0.084277
1 0.660840 0.391553 0.011523 0.140137
1 0.819482 0.450928 0.305762 0.006152
1 0.977827 0.459448 0.010732 0.075049
1 0.977651 0.588823 0.011357 0.034854
1 0.924951 0.611621 0.116309 0.010742
1 0.752632 0.613525 0.231045 0.014941
1 0.971123 0.724268 0.024746 0.011621
1 0.887915 0.724023 0.018506 0.012500
1 0.806934 0.723633 0.122266 0.012305
1 0.751304 0.747168 0.010615 0.058594
1 0.751108 0.860742 0.010615 0.018750
1 0.209551 0.770688 0.006406 0.014873
1 0.237061 0.766553 0.061426 0.006348
1 0.285498 0.960522 0.006836 0.042334
1 0.477041 0.963867 0.011934 0.072266
1 0.383887 0.933447 0.198828 0.011816
1 0.304248 0.834082 0.016113 0.006055
1 0.390137 0.833936 0.072266 0.006152
1 0.480029 0.872607 0.006836 0.110840
1 0.479980 0.750732 0.006836 0.034277
1 0.575454 0.725693 0.342646 0.015625
1 0.307275 0.725781 0.081348 0.015625
1 0.274468 0.681250 0.015596 0.104492
1 0.152197 0.624268 0.259277 0.011426
1 0.028467 0.678223 0.011621 0.119336
1 0.028555 0.873877 0.011445 0.089941
1 0.028828 0.985859 0.011953 0.028281
1 0.119971 0.857314 0.173535 0.007109
1 0.209424 0.873096 0.006934 0.091309
1 0.209399 0.983989 0.007080 0.032021
