0 0.959956 0.396099 0.013193 0.085693
0 0.962539 0.101211 0.018711 0.100273
0 0.884585 0.024746 0.113818 0.029316
0 0.643032 0.182798 0.100693 0.014951
0 0.642725 0.034341 0.099473 0.014033
2 0.095088 0.228975 0.020742 0.060176
2 0.094854 0.315820 0.020742 0.113516
2 0.094766 0.517310 0.022559 0.117158
2 0.094517 0.633481 0.022686 0.114854
1 0.767227 0.867520 0.117852 0.022578
1 0.970103 0.867412 0.059795 0.022207
1 0.802529 0.024614 0.049063 0.029580
1 0.736729 0.182666 0.087676 0.014746
1 0.789160 0.316196 0.022461 0.278877
1 0.594897 0.450220 0.369775 0.014561
1 0.416895 0.413604 0.013770 0.087793
1 0.264209 0.376880 0.319238 0.014365
1 0.095254 0.416118 0.022539 0.088389
1 0.095342 0.767236 0.022578 0.153613
1 0.095239 0.860273 0.022021 0.036758
1 0.349077 0.867480 0.489561 0.022656
1 0.586821 0.182964 0.010771 0.014561
1 0.574053 0.115625 0.014297 0.148828
1 0.962925 0.043887 0.018604 0.013926
1 0.970708 0.024463 0.058584 0.030566
1 0.960332 0.346543 0.013008 0.013008
1 0.962632 0.319844 0.019248 0.043652
1 0.985449 0.337715 0.029102 0.008359
1 0.985273 0.302495 0.029277 0.009482
1 0.962778 0.225908 0.019502 0.149648
1 0.982471 0.536660 0.035059 0.013828
1 0.960073 0.528662 0.014072 0.180000
1 0.095278 0.118115 0.022920 0.162793
1 0.128350 0.028320 0.089121 0.022070
1 0.181724 0.020225 0.022881 0.039492
1 0.391406 0.034229 0.402344 0.014551
1 0.736299 0.034341 0.087559 0.014326
1 0.792993 0.019707 0.030107 0.039414
2 0.650884 0.867314 0.115459 0.021934
2 0.883901 0.867402 0.114385 0.022246
