1 0.556641 0.456470 0.769531 0.037373
1 0.191177 0.329243 0.037764 0.292686
1 0.188184 0.513965 0.030859 0.081250
1 0.600610 0.947725 0.013018 0.075898
1 0.302715 0.759404 0.204687 0.019277
1 0.950459 0.751567 0.025059 0.140420
1 0.187598 0.834912 0.031250 0.330176
1 0.286055 0.006777 0.273926 0.013555
1 0.971958 0.237422 0.018506 0.474844
0 0.087549 0.006499 0.124336 0.012998
1 0.211406 0.998091 0.015098 0.003818
0 0.270239 0.998091 0.099912 0.003818
1 0.353437 0.998325 0.065000 0.003350
1 0.392246 0.955205 0.012617 0.089590
1 0.973018 0.751050 0.017305 0.141475
2 0.952896 0.514277 0.029717 0.082031
2 0.953193 0.618604 0.029121 0.125430
1 0.388325 0.195435 0.081748 0.026865
1 0.409810 0.310068 0.037412 0.255684
0 0.485381 0.006577 0.123867 0.013154
0 0.191406 0.098667 0.038379 0.168818
0 0.187451 0.612236 0.031543 0.114687
0 0.520464 0.656597 0.100303 0.012998
2 0.952212 0.861904 0.030400 0.077012
2 0.952236 0.950767 0.030352 0.098467
1 0.395259 0.829990 0.019600 0.160371
1 0.742412 0.006675 0.390957 0.013350
1 0.951440 0.237627 0.026221 0.475254
1 0.013213 0.006777 0.026426 0.013555
1 0.764326 0.811133 0.353184 0.019727
1 0.597612 0.856250 0.019814 0.108984
1 0.496377 0.900557 0.221758 0.019199
1 0.585430 0.656587 0.030098 0.012607
1 0.594321 0.726338 0.013428 0.152090
1 0.430615 0.656514 0.078809 0.013027
1 0.398164 0.699883 0.013066 0.099766
