0 0.692305 0.389438 0.024336 0.101240
1 0.693247 0.867041 0.021650 0.116895
1 0.017100 0.169707 0.022676 0.117344
1 0.502368 0.152822 0.012842 0.010547
1 0.370801 0.167979 0.276367 0.019492
1 0.239453 0.080029 0.013477 0.160059
1 0.502437 0.030371 0.012705 0.060742
1 0.943896 0.036909 0.112207 0.027158
1 0.696479 0.005776 0.029346 0.011553
1 0.692822 0.300034 0.021973 0.077021
1 0.696387 0.195459 0.029688 0.137012
1 0.840771 0.249121 0.318457 0.029883
1 0.981743 0.476216 0.036514 0.012607
1 0.781982 0.476201 0.160449 0.013027
1 0.692681 0.614321 0.022061 0.349736
1 0.988354 0.914165 0.023291 0.022139
1 0.752930 0.914385 0.103516 0.022168
1 0.648813 0.798926 0.110186 0.022070
1 0.159717 0.798975 0.235254 0.022168
1 0.024673 0.798931 0.036064 0.021279
1 0.017188 0.595166 0.022461 0.389355
0 0.696489 0.069321 0.030791 0.114053
0 0.502246 0.103823 0.013281 0.086104
2 0.017520 0.055581 0.021836 0.111162
2 0.017466 0.270747 0.020439 0.086240
2 0.330781 0.799106 0.107715 0.022139
2 0.435337 0.798755 0.100811 0.022139
2 0.539556 0.798755 0.107705 0.022139
2 0.847861 0.914736 0.087090 0.021074
2 0.934243 0.914561 0.085615 0.021074
0 0.912983 0.476318 0.101240 0.016563
2 0.017275 0.357012 0.020449 0.086250
