1 0.059082 0.427002 0.022070 0.117090
1 0.727207 0.406934 0.029590 0.148535
1 0.059082 0.098291 0.022656 0.196582
1 0.322949 0.930991 0.106250 0.021943
1 0.726660 0.771387 0.029102 0.342383
1 0.698584 0.624170 0.030371 0.013379
1 0.996729 0.120264 0.006543 0.012207
1 0.812207 0.120361 0.161523 0.013574
1 0.723096 0.078613 0.022168 0.157227
1 0.418643 0.667383 0.102754 0.007617
1 0.466528 0.655840 0.007471 0.030352
1 0.510659 0.644194 0.096064 0.007139
1 0.555396 0.636133 0.007275 0.023965
1 0.112476 0.812588 0.085752 0.013496
1 0.933193 0.931104 0.133574 0.021973
1 0.119336 0.931055 0.071289 0.022070
1 0.065962 0.931201 0.034658 0.020996
1 0.059131 0.761035 0.021777 0.318555
1 0.931787 0.748437 0.027441 0.069336
1 0.959033 0.769629 0.081934 0.026953
1 0.856152 0.347656 0.287695 0.029883
1 0.538135 0.580566 0.022949 0.073633
1 0.463027 0.436768 0.173125 0.019141
2 0.057969 0.239854 0.021484 0.085566
0 0.942866 0.120435 0.099814 0.016885
0 0.723145 0.207910 0.024219 0.100195
0 0.727051 0.542803 0.029297 0.115684
1 0.538760 0.442397 0.021699 0.031084
1 0.323057 0.433887 0.105664 0.013359
1 0.348877 0.679834 0.008105 0.479590
1 0.292725 0.812451 0.103418 0.013184
1 0.567402 0.624316 0.030039 0.013672
1 0.371577 0.529390 0.007607 0.176377
1 0.460835 0.621372 0.186143 0.008369
1 0.371812 0.791851 0.008467 0.256943
0 0.633594 0.623735 0.097461 0.016982
0 0.538379 0.501104 0.022266 0.085605
0 0.198623 0.812812 0.085254 0.016641
2 0.059014 0.543604 0.021484 0.114746
2 0.058301 0.326221 0.021484 0.087012
2 0.803906 0.930845 0.126367 0.022256
2 0.433154 0.931812 0.115469 0.022256
2 0.212813 0.931157 0.115469 0.022256
1 0.931899 0.561768 0.027783 0.031504
1 0.602017 0.931133 0.224092 0.022852
1 0.660229 0.900513 0.107666 0.008799
1 0.610728 0.907529 0.008428 0.022793
1 0.959082 0.559668 0.081836 0.027344
1 0.723242 0.296826 0.022266 0.076660
