1 0.482573 0.766357 0.011611 0.170605
1 0.811826 0.602480 0.011660 0.175859
1 0.824189 0.685552 0.037363 0.010693
1 0.509224 0.778770 0.040479 0.011250
1 0.523579 0.811934 0.010635 0.077578
2 0.653730 0.503286 0.106133 0.022021
2 0.980020 0.503291 0.039961 0.022383
1 0.824561 0.930996 0.012383 0.138008
0 0.403662 0.856631 0.114102 0.010957
1 0.652168 0.856348 0.382461 0.010156
1 0.756738 0.839106 0.175781 0.023525
1 0.823892 0.814355 0.036846 0.040234
1 0.858716 0.757026 0.030166 0.485947
1 0.833555 0.503335 0.252812 0.022275
1 0.482666 0.541675 0.012422 0.054092
1 0.538501 0.503340 0.124092 0.022227
1 0.487871 0.262734 0.022695 0.503437
1 0.478750 0.006152 0.040508 0.012305
1 0.170640 0.005996 0.204619 0.011992
1 0.130825 0.282959 0.012236 0.543066
1 0.323647 0.560869 0.012744 0.157949
1 0.158984 0.561011 0.317969 0.013057
1 0.016802 0.714746 0.012607 0.295508
1 0.178833 0.856665 0.335596 0.011182
1 0.323779 0.814102 0.012598 0.073750
0 0.482642 0.625117 0.011748 0.112344
