1 0.698018 0.405688 0.089551 0.007451
1 0.492632 0.405679 0.089561 0.007451
1 0.725420 0.200879 0.008008 0.401758
0 0.800215 0.405728 0.114258 0.007490
0 0.853921 0.566343 0.116006 0.030791
1 0.520859 0.201665 0.008008 0.403330
1 0.288413 0.405913 0.089814 0.007451
1 0.118784 0.405615 0.019248 0.007520
2 0.181572 0.566284 0.085586 0.029697
0 0.185801 0.405532 0.114785 0.007451
1 0.941738 0.290918 0.030781 0.581836
1 0.934277 0.566328 0.045508 0.031328
1 0.510498 0.566074 0.573340 0.031328
1 0.138633 0.909453 0.117402 0.027090
1 0.109668 0.566670 0.060938 0.032363
1 0.095166 0.291313 0.031543 0.582627
1 0.316016 0.201123 0.008008 0.402246
0 0.390786 0.405942 0.114268 0.006846
0 0.595264 0.405654 0.115234 0.007422
1 0.893130 0.406040 0.070771 0.007451
