2 0.443315 0.905781 0.059678 0.021328
2 0.531304 0.905771 0.117842 0.021348
2 0.090381 0.905059 0.136289 0.022246
1 0.946152 0.905156 0.107695 0.022832
1 0.669238 0.905059 0.103125 0.022812
1 0.605371 0.698755 0.029687 0.435791
1 0.605571 0.356948 0.029365 0.016768
1 0.767290 0.342983 0.074971 0.013506
1 0.715576 0.174556 0.030566 0.349111
1 0.365381 0.333979 0.730762 0.031592
1 0.011265 0.353203 0.022529 0.011953
1 0.147998 0.282109 0.013379 0.076563
1 0.147964 0.137329 0.012881 0.012998
1 0.012295 0.125229 0.024590 0.012881
1 0.958252 0.268022 0.083496 0.013779
1 0.400151 0.722910 0.028232 0.071406
1 0.286123 0.744390 0.256465 0.028721
1 0.172344 0.639224 0.029160 0.238936
1 0.286021 0.534150 0.256221 0.028379
1 0.011460 0.695269 0.022920 0.442295
1 0.177612 0.905190 0.036865 0.022100
1 0.303940 0.905127 0.220381 0.021973
1 0.373032 0.066211 0.014150 0.132422
1 0.252324 0.125132 0.255430 0.014463
1 0.923760 0.305322 0.014180 0.088770
1 0.918398 0.343252 0.024902 0.012793
1 0.966089 0.501099 0.067822 0.019248
1 0.725195 0.501025 0.213477 0.019629
0 0.011060 0.416704 0.022119 0.112881
0 0.074409 0.124873 0.099814 0.013789
0 0.148105 0.194014 0.012930 0.099395
0 0.855376 0.343091 0.101494 0.013330
0 0.605645 0.423291 0.029629 0.114863
0 0.882134 0.501313 0.100029 0.019307
2 0.749658 0.905625 0.060137 0.022344
2 0.835991 0.905679 0.112373 0.022666
