1 0.117578 0.399854 0.017598 0.013125
1 0.031797 0.916582 0.063594 0.031680
1 0.048701 0.950527 0.030410 0.098945
1 0.100635 0.617627 0.020605 0.144453
1 0.045117 0.552065 0.090234 0.014365
1 0.048584 0.404067 0.097168 0.022529
1 0.103794 0.420352 0.013896 0.054590
1 0.234668 0.399624 0.015977 0.013428
1 0.252212 0.447769 0.022881 0.105908
1 0.256309 0.265537 0.013789 0.258418
1 0.435186 0.126470 0.369082 0.023096
1 0.628330 0.130322 0.022832 0.030957
1 0.628350 0.196914 0.022988 0.107090
1 0.628398 0.592085 0.023594 0.224033
1 0.628149 0.909351 0.023525 0.067783
1 0.659043 0.931294 0.085313 0.023838
1 0.711899 0.959687 0.023525 0.080625
1 0.251919 0.644443 0.023564 0.088184
1 0.068633 0.126489 0.137266 0.023955
0 0.251685 0.550439 0.024678 0.098730
0 0.103110 0.490791 0.016631 0.084687
1 0.103452 0.539487 0.013857 0.011514
0 0.176367 0.400264 0.099980 0.016797
2 0.192744 0.125854 0.115020 0.022256
2 0.630029 0.307773 0.023145 0.114492
2 0.630083 0.422549 0.023057 0.114824
2 0.629155 0.759858 0.021982 0.111338
2 0.629009 0.845200 0.022275 0.059854
