1 0.726465 0.937080 0.409375 0.023105
1 0.626270 0.597021 0.158203 0.008301
1 0.739268 0.639756 0.384980 0.014082
1 0.739453 0.401240 0.384375 0.014375
1 0.537559 0.407422 0.022793 0.026289
1 0.536196 0.357886 0.020068 0.077803
1 0.537461 0.575146 0.023086 0.142539
1 0.348340 0.937090 0.119141 0.024180
1 0.088115 0.937363 0.176230 0.023633
1 0.302993 0.401929 0.013799 0.196709
1 0.378218 0.305547 0.013291 0.025352
0 0.378125 0.242817 0.016211 0.098916
0 0.458682 0.004297 0.113848 0.008594
0 0.536348 0.269492 0.022852 0.098945
0 0.537598 0.462549 0.022852 0.084668
2 0.466045 0.937412 0.114160 0.022559
2 0.232373 0.937842 0.114160 0.022559
2 0.940894 0.138486 0.021729 0.057852
2 0.940898 0.224307 0.021719 0.112871
2 0.940674 0.465205 0.022168 0.086855
2 0.941519 0.784209 0.021729 0.115430
1 0.340479 0.311113 0.087988 0.014297
1 0.192500 0.507246 0.385000 0.014297
1 0.192676 0.103135 0.385352 0.031230
1 0.369263 0.059258 0.031689 0.118516
1 0.378540 0.154160 0.013135 0.076875
1 0.377178 0.004150 0.047070 0.008301
1 0.536353 0.112891 0.020557 0.214258
1 0.733345 0.004004 0.435830 0.008008
1 0.940225 0.057134 0.022441 0.103135
1 0.701333 0.612817 0.007959 0.039971
1 0.874888 0.619941 0.114229 0.008672
1 0.822344 0.624170 0.008633 0.016621
1 0.940249 0.351621 0.022764 0.142695
1 0.940137 0.617593 0.023125 0.219951
1 0.940313 0.877832 0.022910 0.073242
1 0.940430 0.930176 0.022793 0.036426
