1 0.798003 0.745073 0.010127 0.119443
1 0.822852 0.882080 0.286133 0.011230
1 0.879902 0.773511 0.015664 0.208740
1 0.696187 0.676396 0.021865 0.014590
1 0.618481 0.676772 0.021885 0.015264
1 0.615298 0.773550 0.015693 0.208564
1 0.617222 0.882505 0.019209 0.010771
1 0.613374 0.919775 0.011533 0.063379
1 0.558594 0.945640 0.121094 0.011260
1 0.290122 0.945938 0.308369 0.010664
1 0.131436 0.945859 0.010449 0.010547
1 0.131533 0.918682 0.010840 0.045371
1 0.131528 0.741831 0.010850 0.055654
1 0.131597 0.604814 0.010830 0.111055
1 0.240576 0.611323 0.209082 0.009951
1 0.254932 0.578975 0.007715 0.054746
1 0.328813 0.578159 0.006455 0.056182
1 0.241699 0.497607 0.209180 0.006738
1 0.328755 0.504165 0.006143 0.005928
1 0.431284 0.497681 0.057939 0.006396
1 0.413623 0.384229 0.006934 0.220215
1 0.405869 0.268501 0.116387 0.011377
1 0.656885 0.268408 0.098730 0.011621
1 0.787695 0.268354 0.056055 0.011143
1 0.762646 0.340820 0.006934 0.135156
1 0.762725 0.491357 0.006504 0.081152
1 0.638184 0.497607 0.242188 0.006934
1 0.610977 0.521240 0.006934 0.040918
1 0.664521 0.403691 0.006934 0.181016
1 0.905903 0.268359 0.026279 0.010742
1 0.941650 0.343472 0.049121 0.010713
1 0.923145 0.310742 0.011328 0.076562
1 0.923188 0.268145 0.011045 0.010352
1 0.902617 0.536230 0.066172 0.010352
1 0.780903 0.536211 0.042861 0.010352
1 0.225840 0.760557 0.179023 0.006465
1 0.451855 0.714009 0.158984 0.006729
1 0.375635 0.741064 0.006738 0.060645
1 0.375498 0.884473 0.006738 0.112500
1 0.568833 0.832930 0.080244 0.006738
1 0.131250 0.335259 0.011328 0.125186
1 0.169995 0.268345 0.068506 0.011240
1 0.131289 0.268232 0.010742 0.010840
1 0.429644 0.611475 0.054756 0.010059
1 0.553906 0.611484 0.109375 0.010059
1 0.610937 0.613838 0.006504 0.015898
1 0.747573 0.799731 0.111396 0.009717
1 0.786865 0.690181 0.032402 0.010537
1 0.697158 0.744580 0.010527 0.120801
1 0.827881 0.676909 0.119824 0.015713
2 0.129766 0.864702 0.014668 0.062314
2 0.129922 0.801582 0.014668 0.063906
2 0.131284 0.687188 0.012178 0.052891
2 0.131274 0.526221 0.011963 0.045605
2 0.131543 0.424839 0.011328 0.053311
2 0.308301 0.267236 0.077930 0.014355
2 0.236812 0.267188 0.064639 0.014355
2 0.568809 0.267119 0.076875 0.014355
2 0.497319 0.266855 0.066514 0.014355
2 0.733066 0.268198 0.053516 0.012236
2 0.873696 0.268247 0.037705 0.010771
2 0.835254 0.268247 0.038867 0.010967
2 0.983218 0.341680 0.033564 0.014355
2 0.653203 0.882407 0.052578 0.010381
2 0.471143 0.945796 0.053613 0.011338
1 0.439614 0.928032 0.008525 0.024502
1 0.411465 0.919429 0.064824 0.007295
1 0.511611 0.663613 0.011758 0.094062
1 0.600425 0.777612 0.007139 0.102881
1 0.566685 0.729536 0.074229 0.006826
1 0.532227 0.721748 0.005273 0.022754
1 0.568369 0.713350 0.077910 0.005957
1 0.533608 0.696460 0.006318 0.027822
1 0.527046 0.685786 0.019092 0.006826
0 0.375518 0.799766 0.006797 0.056699
1 0.417656 0.663833 0.017559 0.093779
0 0.478076 0.611587 0.041914 0.009990
0 0.373618 0.611372 0.056865 0.009932
1 0.190723 0.578647 0.006270 0.054893
1 0.198721 0.578960 0.005332 0.054893
1 0.194473 0.554326 0.014063 0.006152
1 0.226147 0.586396 0.049326 0.007715
1 0.315366 0.600220 0.006299 0.011904
1 0.318716 0.596992 0.013350 0.005449
0 0.328491 0.528667 0.006475 0.043135
0 0.374302 0.497700 0.055693 0.006670
0 0.488638 0.497651 0.056768 0.006826
0 0.610791 0.643389 0.006543 0.043145
1 0.610884 0.667056 0.006143 0.003916
0 0.657344 0.676777 0.055625 0.015371
0 0.737686 0.676772 0.060723 0.015361
0 0.762666 0.429658 0.006973 0.042129
2 0.983037 0.882559 0.033926 0.012246
1 0.899116 0.295537 0.006670 0.043105
1 0.906582 0.313857 0.021777 0.006465
