2 0.022363 0.707451 0.012109 0.063340
1 0.431509 0.450894 0.009443 0.113857
0 0.430225 0.546626 0.006934 0.043545
0 0.338916 0.510210 0.011426 0.056006
0 0.391133 0.386382 0.056465 0.015459
0 0.126982 0.326528 0.011855 0.089365
2 0.723760 0.709473 0.011797 0.052910
1 0.695269 0.796768 0.045732 0.006660
1 0.675762 0.800605 0.006484 0.014102
1 0.578047 0.766328 0.011367 0.006738
1 0.580176 0.785322 0.006875 0.044824
0 0.639390 0.810889 0.055381 0.006543
0 0.380420 0.787817 0.055215 0.006787
1 0.704717 0.625107 0.007148 0.069297
1 0.709712 0.656694 0.016611 0.005967
1 0.527524 0.575713 0.062217 0.005137
1 0.497881 0.582515 0.007363 0.018037
1 0.574810 0.656328 0.017705 0.006621
1 0.580332 0.625034 0.007402 0.069209
1 0.569868 0.679888 0.007705 0.052275
1 0.553105 0.639214 0.017676 0.006260
1 0.548672 0.613071 0.007402 0.057803
1 0.523657 0.587856 0.057432 0.006631
1 0.557891 0.671240 0.008105 0.068848
0 0.499658 0.749341 0.006348 0.057783
1 0.499673 0.716592 0.005889 0.007207
1 0.430513 0.704473 0.007119 0.017090
1 0.499609 0.709629 0.145508 0.006699
0 0.430615 0.674360 0.006934 0.042861
2 0.724082 0.513242 0.012559 0.037031
2 0.724277 0.550391 0.012559 0.037266
0 0.790522 0.197261 0.006826 0.049346
0 0.551890 0.165991 0.043408 0.006104
1 0.526787 0.165859 0.006543 0.006367
0 0.666777 0.165967 0.041602 0.006152
0 0.623843 0.274341 0.055889 0.015596
0 0.519956 0.207617 0.007295 0.049414
1 0.725674 0.247964 0.018984 0.036553
2 0.971748 0.198037 0.011738 0.053887
2 0.971650 0.243374 0.011465 0.036787
2 0.971279 0.054673 0.011895 0.052686
0 0.790518 0.056592 0.007324 0.049160
0 0.714395 0.009111 0.007090 0.018223
1 0.852803 0.022036 0.020000 0.005342
1 0.859141 0.012188 0.007051 0.024375
1 0.846802 0.012354 0.007861 0.024707
1 0.938857 0.122769 0.053535 0.007236
1 0.915508 0.129111 0.006641 0.019922
1 0.821787 0.122720 0.055957 0.006768
1 0.846089 0.129258 0.007217 0.019414
1 0.709839 0.120898 0.017119 0.096484
1 0.618530 0.117871 0.024502 0.090430
2 0.247573 0.032695 0.013447 0.065391
2 0.247642 0.097676 0.013447 0.064102
2 0.248438 0.167212 0.012109 0.036572
2 0.248486 0.204375 0.012109 0.037461
2 0.021641 0.446938 0.012109 0.035869
2 0.021719 0.484253 0.012109 0.038232
2 0.022422 0.596880 0.012109 0.036729
2 0.022422 0.645405 0.012109 0.060342
2 0.114453 0.835039 0.031055 0.014648
2 0.066064 0.834863 0.065137 0.014648
2 0.142852 0.979932 0.013848 0.040137
2 0.142725 0.937637 0.013848 0.044258
1 0.723789 0.432217 0.011484 0.124590
1 0.723857 0.626050 0.011250 0.113623
1 0.723745 0.867969 0.011377 0.264062
1 0.430259 0.519624 0.006357 0.010166
1 0.437588 0.511274 0.021191 0.006553
1 0.692866 0.810903 0.051182 0.006436
1 0.588535 0.810806 0.046172 0.006436
1 0.568867 0.760146 0.006992 0.108027
1 0.499756 0.889111 0.006348 0.221777
1 0.348330 0.787783 0.008594 0.006348
1 0.452197 0.787808 0.088379 0.006670
1 0.338906 0.892285 0.011836 0.215430
1 0.144106 0.871626 0.010732 0.087217
1 0.139717 0.833311 0.019512 0.010586
1 0.024883 0.833477 0.016797 0.011426
1 0.022310 0.789307 0.011611 0.099707
1 0.479624 0.383291 0.031670 0.010078
1 0.468584 0.438169 0.009902 0.119893
1 0.518994 0.493159 0.110723 0.009424
1 0.569678 0.438521 0.009668 0.118584
1 0.338838 0.474238 0.011367 0.016133
1 0.317856 0.469331 0.032256 0.006826
1 0.305259 0.432935 0.006826 0.080029
1 0.441221 0.386265 0.044043 0.015225
1 0.455156 0.446631 0.016172 0.136035
1 0.510889 0.506406 0.127246 0.016328
1 0.566699 0.544385 0.015430 0.091895
1 0.639307 0.582227 0.160449 0.016211
1 0.465283 0.576709 0.063184 0.006738
1 0.430273 0.610693 0.006836 0.084277
1 0.339160 0.608447 0.011523 0.140137
1 0.180518 0.549072 0.305762 0.006152
1 0.022173 0.540552 0.010732 0.075049
1 0.022349 0.411177 0.011357 0.034854
1 0.075049 0.388379 0.116309 0.010742
1 0.247368 0.386475 0.231045 0.014941
1 0.028877 0.275732 0.024746 0.011621
1 0.112085 0.275977 0.018506 0.012500
1 0.193066 0.276367 0.122266 0.012305
1 0.248696 0.252832 0.010615 0.058594
1 0.248892 0.139258 0.010615 0.018750
1 0.790449 0.229312 0.006406 0.014873
1 0.762939 0.233447 0.061426 0.006348
1 0.714502 0.039478 0.006836 0.042334
1 0.522959 0.036133 0.011934 0.072266
1 0.616113 0.066553 0.198828 0.011816
1 0.695752 0.165918 0.016113 0.006055
1 0.609863 0.166064 0.072266 0.006152
1 0.519971 0.127393 0.006836 0.110840
1 0.520020 0.249268 0.006836 0.034277
1 0.424546 0.274307 0.342646 0.015625
1 0.692725 0.274219 0.081348 0.015625
1 0.725532 0.318750 0.015596 0.104492
1 0.847803 0.375732 0.259277 0.011426
1 0.971533 0.321777 0.011621 0.119336
1 0.971445 0.126123 0.011445 0.089941
1 0.971172 0.014141 0.011953 0.028281
1 0.880029 0.142686 0.173535 0.007109
1 0.790576 0.126904 0.006934 0.091309
1 0.790601 0.016011 0.007080 0.032021
