1 0.588540 0.549971 0.013154 0.078770
0 0.193105 0.989404 0.112402 0.021191
0 0.588604 0.460166 0.013047 0.100000
2 0.031733 0.416069 0.043545 0.080420
2 0.031758 0.542700 0.043496 0.078564
2 0.036138 0.893862 0.036260 0.127861
0 0.191753 0.793540 0.112666 0.030967
0 0.266440 0.711123 0.012627 0.100625
0 0.659497 0.792964 0.113604 0.030674
0 0.668325 0.989170 0.111299 0.021660
0 0.905649 0.988921 0.112061 0.022158
0 0.904883 0.792881 0.115137 0.030742
2 0.980190 0.026772 0.039619 0.028662
2 0.729648 0.027588 0.079277 0.029199
2 0.627202 0.027783 0.124834 0.029727
2 0.224629 0.028394 0.124258 0.029150
2 0.121504 0.028081 0.080840 0.029717
1 0.054150 0.030273 0.052832 0.025977
1 0.040029 0.196914 0.026016 0.360332
1 0.040684 0.705518 0.026016 0.249707
1 0.094219 0.793604 0.082109 0.031152
1 0.041748 0.978911 0.026719 0.042178
1 0.082070 0.989600 0.107363 0.020801
1 0.431011 0.989258 0.362002 0.021484
1 0.786948 0.988892 0.124170 0.022217
1 0.980957 0.988892 0.038086 0.022217
1 0.781953 0.792827 0.130508 0.031084
1 0.744644 0.675972 0.020068 0.208271
1 0.781992 0.582187 0.095391 0.020078
1 0.819463 0.316094 0.020371 0.552891
1 0.864956 0.028887 0.189814 0.025742
1 0.425879 0.029849 0.278516 0.025752
1 0.426299 0.216680 0.020234 0.351992
1 0.385239 0.383521 0.102119 0.019209
1 0.344150 0.484863 0.019160 0.222461
1 0.427100 0.585806 0.185645 0.020439
1 0.510283 0.676826 0.019512 0.202793
1 0.425605 0.793135 0.353164 0.030937
1 0.266484 0.770981 0.012969 0.018428
1 0.266079 0.621836 0.012959 0.078164
1 0.297671 0.589233 0.076143 0.012959
1 0.296841 0.380322 0.075322 0.012988
1 0.514795 0.386196 0.159668 0.013428
1 0.588442 0.394756 0.012959 0.030781
1 0.557446 0.582471 0.075342 0.013770
1 0.981294 0.793223 0.037412 0.030176
1 0.865200 0.008955 0.190166 0.017910
1 0.426055 0.009497 0.277305 0.018994
1 0.045908 0.010225 0.071504 0.020449
1 0.019980 0.188232 0.021016 0.376465
1 0.040649 0.479351 0.026123 0.048994
1 0.020693 0.478994 0.020332 0.047539
1 0.020996 0.705972 0.020078 0.247822
1 0.020210 0.979395 0.019131 0.041211
