1 0.817446 0.911265 0.012568 0.047646
1 0.418779 0.086567 0.022480 0.123154
1 0.677646 0.137134 0.540215 0.021924
1 0.935938 0.201758 0.022461 0.151172
1 0.936670 0.578242 0.022480 0.231602
1 0.747134 0.567896 0.359111 0.013623
1 0.837021 0.635381 0.012227 0.121211
1 0.593594 0.607876 0.011719 0.066729
1 0.936865 0.892646 0.021387 0.214258
1 0.814399 0.838965 0.013604 0.105918
1 0.383477 0.856426 0.013652 0.173008
1 0.593481 0.761445 0.011182 0.017539
1 0.226694 0.896299 0.022588 0.185566
1 0.108013 0.896831 0.216025 0.012549
1 0.124834 0.515869 0.249668 0.031934
1 0.226592 0.608838 0.022715 0.160840
1 0.422988 0.339111 0.030938 0.383496
1 0.386475 0.515469 0.044238 0.030137
1 0.432397 0.552637 0.013135 0.043633
1 0.438691 0.568022 0.025723 0.011611
1 0.211157 0.171563 0.018857 0.065078
1 0.110293 0.149512 0.220586 0.018164
1 0.110293 0.351772 0.220586 0.018213
2 0.936426 0.739443 0.022266 0.091328
0 0.593730 0.696875 0.011758 0.110938
1 0.691597 0.969331 0.010264 0.061338
1 0.806299 0.943867 0.239746 0.010547
1 0.868691 0.928467 0.115156 0.012793
1 0.705806 0.894023 0.231553 0.012422
1 0.596104 0.835034 0.012207 0.130908
1 0.582500 0.775254 0.039219 0.011230
1 0.568457 0.799116 0.011621 0.059170
1 0.497544 0.823179 0.153350 0.011338
1 0.426831 0.799058 0.011670 0.059307
1 0.411558 0.775669 0.042412 0.012139
1 0.481909 0.844434 0.182568 0.012031
1 0.566899 0.888911 0.012412 0.100674
1 0.619087 0.932437 0.116475 0.013311
1 0.670854 0.962881 0.012627 0.074238
0 0.383535 0.971558 0.013770 0.056885
0 0.226699 0.994580 0.022480 0.010840
0 0.226792 0.746230 0.022725 0.113594
0 0.509790 0.568018 0.116084 0.012012
0 0.306992 0.516274 0.114629 0.032334
1 0.884351 0.611118 0.081025 0.014775
2 0.936890 0.314849 0.023486 0.074971
2 0.935913 0.406909 0.023369 0.108877
