1 0.273535 0.062920 0.409375 0.023105
1 0.373730 0.402979 0.158203 0.008301
1 0.260732 0.360244 0.384980 0.014082
1 0.260547 0.598760 0.384375 0.014375
1 0.462441 0.592578 0.022793 0.026289
1 0.463804 0.642114 0.020068 0.077803
1 0.462539 0.424854 0.023086 0.142539
1 0.651660 0.062910 0.119141 0.024180
1 0.911885 0.062637 0.176230 0.023633
1 0.697007 0.598071 0.013799 0.196709
1 0.621782 0.694453 0.013291 0.025352
0 0.621875 0.757183 0.016211 0.098916
0 0.541318 0.995703 0.113848 0.008594
0 0.463652 0.730508 0.022852 0.098945
0 0.462402 0.537451 0.022852 0.084668
2 0.533955 0.062588 0.114160 0.022559
2 0.767627 0.062158 0.114160 0.022559
2 0.059106 0.861514 0.021729 0.057852
2 0.059102 0.775693 0.021719 0.112871
2 0.059326 0.534795 0.022168 0.086855
2 0.058481 0.215791 0.021729 0.115430
1 0.659521 0.688887 0.087988 0.014297
1 0.807500 0.492754 0.385000 0.014297
1 0.807324 0.896865 0.385352 0.031230
1 0.630737 0.940742 0.031689 0.118516
1 0.621460 0.845840 0.013135 0.076875
1 0.622822 0.995850 0.047070 0.008301
1 0.463647 0.887109 0.020557 0.214258
1 0.266655 0.995996 0.435830 0.008008
1 0.059775 0.942866 0.022441 0.103135
1 0.298667 0.387183 0.007959 0.039971
1 0.125112 0.380059 0.114229 0.008672
1 0.177656 0.375830 0.008633 0.016621
1 0.059751 0.648379 0.022764 0.142695
1 0.059863 0.382407 0.023125 0.219951
1 0.059687 0.122168 0.022910 0.073242
1 0.059570 0.069824 0.022793 0.036426
