1 0.937080 0.273535 0.023105 0.409375
1 0.597021 0.373730 0.008301 0.158203
1 0.639756 0.260732 0.014082 0.384980
1 0.401240 0.260547 0.014375 0.384375
1 0.407422 0.462441 0.026289 0.022793
1 0.357886 0.463804 0.077803 0.020068
1 0.575146 0.462539 0.142539 0.023086
1 0.937090 0.651660 0.024180 0.119141
1 0.937363 0.911885 0.023633 0.176230
1 0.401929 0.697007 0.196709 0.013799
1 0.305547 0.621782 0.025352 0.013291
0 0.242817 0.621875 0.098916 0.016211
0 0.004297 0.541318 0.008594 0.113848
0 0.269492 0.463652 0.098945 0.022852
0 0.462549 0.462402 0.084668 0.022852
2 0.937412 0.533955 0.022559 0.114160
2 0.937842 0.767627 0.022559 0.114160
2 0.138486 0.059106 0.057852 0.021729
2 0.224307 0.059102 0.112871 0.021719
2 0.465205 0.059326 0.086855 0.022168
2 0.784209 0.058481 0.115430 0.021729
1 0.311113 0.659521 0.014297 0.087988
1 0.507246 0.807500 0.014297 0.385000
1 0.103135 0.807324 0.031230 0.385352
1 0.059258 0.630737 0.118516 0.031689
1 0.154160 0.621460 0.076875 0.013135
1 0.004150 0.622822 0.008301 0.047070
1 0.112891 0.463647 0.214258 0.020557
1 0.004004 0.266655 0.008008 0.435830
1 0.057134 0.059775 0.103135 0.022441
1 0.612817 0.298667 0.039971 0.007959
1 0.619941 0.125112 0.008672 0.114229
1 0.624170 0.177656 0.016621 0.008633
1 0.351621 0.059751 0.142695 0.022764
1 0.617593 0.059863 0.219951 0.023125
1 0.877832 0.059687 0.073242 0.022910
1 0.930176 0.059570 0.036426 0.022793
