1 0.545059 0.456670 0.006055 0.006738
0 0.367754 0.575625 0.043906 0.005977
0 0.304966 0.704980 0.006807 0.053711
1 0.239697 0.675107 0.006543 0.006250
0 0.239839 0.704463 0.007490 0.052031
0 0.489263 0.656187 0.051572 0.006514
0 0.464985 0.575161 0.043115 0.005986
0 0.899277 0.597324 0.015352 0.056035
1 0.629204 0.463560 0.027236 0.006768
1 0.639365 0.487905 0.006914 0.055693
1 0.634888 0.560659 0.015264 0.058408
0 0.634570 0.618521 0.015625 0.055400
0 0.733735 0.523472 0.056729 0.015303
0 0.545020 0.428442 0.007031 0.049463
0 0.593926 0.462798 0.042129 0.009287
2 0.852764 0.847617 0.063535 0.011035
2 0.735527 0.846846 0.098477 0.011035
2 0.849507 0.088779 0.036123 0.011035
2 0.885317 0.088779 0.034111 0.011035
2 0.929800 0.088916 0.054326 0.011035
2 0.781348 0.182178 0.010254 0.034297
2 0.781348 0.135386 0.010254 0.058135
2 0.511055 0.178750 0.010254 0.038008
2 0.511182 0.132661 0.010254 0.053799
2 0.407935 0.088965 0.091455 0.011719
2 0.148496 0.214531 0.112187 0.011289
2 0.237515 0.214355 0.065264 0.011719
2 0.036260 0.444404 0.011328 0.035449
2 0.036084 0.480728 0.011328 0.036064
2 0.036084 0.401289 0.011328 0.053672
2 0.035947 0.589302 0.011328 0.053662
2 0.035811 0.785615 0.011328 0.035840
2 0.035811 0.822300 0.011328 0.036592
2 0.035547 0.741230 0.011328 0.053672
2 0.328853 0.910537 0.053604 0.011270
2 0.483950 0.910742 0.037432 0.011270
2 0.521025 0.910786 0.036582 0.011279
2 0.743281 0.214492 0.058047 0.010625
2 0.582227 0.214482 0.047051 0.011270
1 0.060957 0.214341 0.061953 0.011494
1 0.035713 0.291431 0.011133 0.165479
1 0.035874 0.531992 0.011143 0.063789
1 0.937427 0.847017 0.096045 0.011045
1 0.899155 0.734351 0.015361 0.216846
1 0.953418 0.635039 0.093164 0.006484
1 0.899346 0.550010 0.015527 0.037598
1 0.996523 0.312207 0.006953 0.437500
1 0.881099 0.523276 0.237803 0.015400
1 0.978604 0.088901 0.042793 0.011299
1 0.785547 0.097637 0.011328 0.005664
1 0.805151 0.088950 0.050244 0.011357
1 0.788267 0.248267 0.006475 0.058447
1 0.785649 0.204482 0.011514 0.008496
1 0.781987 0.214395 0.018643 0.010937
1 0.659814 0.214634 0.107129 0.010713
1 0.635337 0.327441 0.058818 0.007422
1 0.668887 0.300586 0.007910 0.163086
1 0.788184 0.367188 0.006445 0.042773
1 0.694932 0.385376 0.193145 0.006299
1 0.545298 0.396113 0.006455 0.014492
1 0.528223 0.385488 0.053320 0.006445
1 0.504702 0.304497 0.006260 0.168154
1 0.529888 0.214404 0.056826 0.011230
1 0.507041 0.210161 0.010957 0.019736
1 0.507275 0.091865 0.011133 0.017578
1 0.141138 0.665796 0.198975 0.012256
1 0.483062 0.088936 0.059482 0.011660
1 0.339390 0.088906 0.044209 0.011719
1 0.323193 0.151367 0.011621 0.136914
1 0.299731 0.214453 0.058154 0.010938
1 0.321152 0.347168 0.014961 0.256055
1 0.440479 0.468008 0.253418 0.015586
1 0.559341 0.495850 0.015947 0.070801
1 0.628218 0.523413 0.153916 0.015342
1 0.554736 0.554639 0.006934 0.046777
1 0.522510 0.575186 0.071387 0.005957
1 0.416699 0.575195 0.052930 0.005957
1 0.397261 0.526880 0.006455 0.102588
1 0.337187 0.575112 0.015684 0.006279
1 0.321372 0.527046 0.015400 0.103506
1 0.239971 0.640415 0.006738 0.038115
1 0.035615 0.665010 0.011133 0.098008
1 0.305054 0.733984 0.006689 0.004102
1 0.275918 0.739746 0.065547 0.007031
1 0.276133 0.798779 0.064746 0.008027
1 0.239990 0.817651 0.007129 0.174170
1 0.589146 0.910229 0.098994 0.011533
1 0.632871 0.884775 0.011836 0.062871
1 0.656670 0.846807 0.059238 0.011270
1 0.634839 0.744868 0.015576 0.196201
1 0.570908 0.655967 0.111504 0.006621
1 0.442139 0.655908 0.042090 0.006934
1 0.355420 0.655952 0.107520 0.007021
1 0.305112 0.665137 0.006904 0.025586
1 0.415171 0.779546 0.011787 0.250498
1 0.410400 0.910547 0.109473 0.011133
1 0.165967 0.910435 0.271973 0.011357
1 0.035713 0.878257 0.011133 0.075518
