0 0.796455 0.517100 0.085996 0.017031
0 0.600229 0.516982 0.101416 0.017031
0 0.294263 0.431738 0.032627 0.115625
0 0.096670 0.207759 0.016348 0.100049
2 0.211567 0.930273 0.136045 0.023828
2 0.799097 0.931255 0.086182 0.022256
1 0.124683 0.930957 0.035498 0.021289
1 0.053369 0.931104 0.106738 0.021582
1 0.071250 0.769785 0.142500 0.027363
1 0.128809 0.664731 0.027344 0.237471
1 0.071094 0.559951 0.142188 0.027051
1 0.293945 0.715332 0.028516 0.453125
1 0.371333 0.930786 0.126865 0.021924
1 0.681914 0.931299 0.148281 0.021973
1 0.978003 0.931299 0.043994 0.021387
1 0.898618 0.931006 0.113838 0.022363
1 0.984912 0.460156 0.030176 0.920312
1 0.467773 0.181265 0.029688 0.361104
1 0.293784 0.367847 0.028779 0.011885
1 0.096479 0.295781 0.012705 0.074883
1 0.428735 0.517090 0.241260 0.012695
1 0.702207 0.516997 0.101680 0.012646
2 0.564663 0.930669 0.085771 0.022256
1 0.735010 0.721924 0.018848 0.396777
1 0.909790 0.558066 0.121143 0.007695
1 0.852788 0.538398 0.007139 0.030957
1 0.913394 0.514331 0.113701 0.006885
1 0.848223 0.516846 0.016309 0.011719
1 0.850796 0.381597 0.238115 0.018838
1 0.738203 0.334507 0.013477 0.074678
1 0.096548 0.078638 0.012959 0.157275
1 0.044819 0.120313 0.089639 0.013477
1 0.241001 0.348188 0.482002 0.029482
2 0.478901 0.930625 0.085771 0.022266
