1 0.453057 0.156689 0.015762 0.094648
1 0.513770 0.114165 0.108594 0.007998
1 0.563818 0.085796 0.008496 0.064932
1 0.452798 0.363027 0.015479 0.089180
1 0.852822 0.093423 0.294355 0.007998
1 0.703027 0.096299 0.007715 0.138125
1 0.703115 0.290352 0.007422 0.018711
1 0.054717 0.203511 0.031094 0.407021
1 0.265757 0.117578 0.390166 0.016797
1 0.033184 0.499961 0.015586 0.999922
1 0.261011 0.415869 0.444385 0.021387
1 0.051655 0.712598 0.024990 0.574805
1 0.423716 0.731104 0.027861 0.254785
1 0.318906 0.844556 0.238164 0.027861
1 0.213921 0.730952 0.027529 0.255068
1 0.208232 0.572417 0.015566 0.066885
1 0.235283 0.617397 0.070566 0.027510
1 0.621045 0.713232 0.022363 0.573535
1 0.615430 0.415796 0.033398 0.021123
1 0.619507 0.351572 0.025244 0.107012
1 0.803369 0.310703 0.393262 0.025508
0 0.563848 0.026553 0.007324 0.053105
1 0.207744 0.432251 0.014883 0.011201
0 0.208481 0.488110 0.015850 0.101064
0 0.540967 0.415625 0.114551 0.021484
0 0.702715 0.013423 0.007324 0.026846
0 0.703193 0.223062 0.007324 0.115205
0 0.453076 0.261567 0.015332 0.114541
