2 0.315000 0.894360 0.108437 0.022764
0 0.593135 0.382271 0.114805 0.029795
1 0.534424 0.728462 0.010566 0.309072
0 0.509580 0.461631 0.010957 0.099883
1 0.840225 0.758120 0.033203 0.012412
2 0.222827 0.893726 0.074971 0.023838
1 0.702271 0.113047 0.017881 0.062422
1 0.812065 0.090933 0.237412 0.018818
1 0.921519 0.191797 0.018506 0.219922
1 0.811328 0.292383 0.238555 0.018750
1 0.509326 0.403833 0.011504 0.015576
1 0.127295 0.893857 0.115918 0.023320
1 0.492783 0.894224 0.246855 0.022256
1 0.509570 0.697510 0.010937 0.371973
1 0.080249 0.044150 0.021924 0.088301
1 0.312021 0.064429 0.446699 0.029170
1 0.509619 0.024854 0.011914 0.049707
1 0.585605 0.656563 0.092383 0.012148
1 0.579961 0.568379 0.128867 0.010508
1 0.079844 0.631323 0.021602 0.546729
1 0.861230 0.894092 0.277539 0.022559
1 0.863159 0.748711 0.012627 0.271094
2 0.080083 0.144385 0.021416 0.111816
2 0.080112 0.279150 0.021631 0.157324
0 0.592642 0.064468 0.113936 0.029072
1 0.861025 0.567822 0.207246 0.010742
1 0.958735 0.589531 0.011240 0.054141
1 0.910352 0.611294 0.107617 0.010850
1 0.860952 0.604800 0.010146 0.016025
1 0.810210 0.602061 0.111631 0.010957
1 0.760825 0.590410 0.013154 0.034219
1 0.749585 0.568145 0.014990 0.011152
0 0.693159 0.568223 0.097471 0.011055
2 0.669429 0.894414 0.105674 0.022227
1 0.724365 0.869282 0.012344 0.026475
1 0.776392 0.861963 0.116162 0.011270
1 0.829292 0.809795 0.011338 0.115684
1 0.312012 0.382563 0.447070 0.028818
1 0.686509 0.382153 0.071807 0.028955
1 0.707300 0.351284 0.030225 0.090693
1 0.827979 0.319453 0.271191 0.029141
1 0.957393 0.371064 0.012754 0.074551
1 0.948613 0.167236 0.030234 0.334473
1 0.792168 0.063813 0.284219 0.028975
