1 0.809399 0.801221 0.015186 0.065137
1 0.781201 0.837920 0.072168 0.011660
1 0.477402 0.837939 0.353008 0.011582
1 0.421582 0.807393 0.005859 0.050566
1 0.421577 0.715234 0.005850 0.048633
1 0.392383 0.687900 0.180859 0.007051
1 0.479268 0.632803 0.006895 0.116973
1 0.497856 0.577441 0.044326 0.006543
1 0.566860 0.707690 0.136260 0.014912
1 0.506914 0.764937 0.015781 0.129893
1 0.575190 0.721509 0.119736 0.009521
1 0.520405 0.772681 0.010615 0.111865
1 0.575078 0.822832 0.119961 0.011484
1 0.629829 0.811753 0.010127 0.033584
1 0.809619 0.541963 0.015586 0.340957
1 0.718311 0.379224 0.197754 0.015361
1 0.627197 0.441016 0.015723 0.138867
1 0.780449 0.119844 0.073477 0.011172
1 0.222852 0.837720 0.049355 0.011904
1 0.479395 0.457764 0.007031 0.089941
1 0.497314 0.499419 0.042676 0.006533
1 0.592285 0.577207 0.057422 0.006543
1 0.627197 0.640542 0.015723 0.149385
1 0.566289 0.232305 0.053672 0.005957
1 0.464399 0.300918 0.051084 0.006367
1 0.435269 0.214209 0.006807 0.179785
1 0.369971 0.119688 0.236035 0.011797
1 0.257778 0.136104 0.011650 0.044316
1 0.257764 0.377900 0.011230 0.049160
1 0.393706 0.407300 0.300498 0.011729
1 0.541074 0.398071 0.006152 0.008311
1 0.541309 0.324316 0.006055 0.040820
1 0.575879 0.300928 0.087109 0.005957
1 0.622852 0.294971 0.006445 0.038770
1 0.614355 0.278809 0.023242 0.006445
1 0.605742 0.203276 0.005859 0.157705
1 0.596392 0.119551 0.112393 0.011484
1 0.811128 0.243750 0.011533 0.259375
1 0.978662 0.381182 0.042676 0.011582
1 0.937275 0.633994 0.125449 0.006406
1 0.937354 0.701074 0.030762 0.011719
1 0.902026 0.703735 0.041514 0.006748
1 0.882114 0.779956 0.131279 0.006396
1 0.811592 0.916211 0.011816 0.167578
1 0.490317 0.669561 0.015146 0.008477
1 0.555225 0.687700 0.128223 0.009717
1 0.478350 0.761953 0.006680 0.141133
2 0.666846 0.839888 0.026211 0.015928
2 0.712500 0.839883 0.064844 0.015703
0 0.809482 0.740381 0.015625 0.055957
0 0.973608 0.779834 0.051670 0.006543
1 0.997559 0.701133 0.004883 0.011426
0 0.973984 0.700986 0.042266 0.011719
1 0.934717 0.666201 0.026270 0.057656
2 0.938379 0.381025 0.037500 0.011719
2 0.892603 0.380957 0.054248 0.011719
2 0.274263 0.837842 0.053018 0.011816
2 0.180327 0.837744 0.035654 0.012012
2 0.143413 0.837793 0.038193 0.012109
2 0.123838 0.816250 0.011914 0.031758
2 0.123936 0.774253 0.011914 0.052080
2 0.124092 0.721094 0.011914 0.053906
2 0.124043 0.605679 0.011914 0.037080
2 0.124209 0.557119 0.011914 0.059590
2 0.124219 0.495708 0.011914 0.062959
2 0.159395 0.406201 0.038516 0.014160
2 0.211006 0.406201 0.064395 0.014160
2 0.256602 0.223394 0.013965 0.130166
2 0.256494 0.320947 0.013965 0.064551
2 0.513872 0.119463 0.052158 0.011523
2 0.679609 0.119639 0.053672 0.011523
2 0.725068 0.119727 0.036660 0.011523
1 0.494731 0.678774 0.007021 0.027568
0 0.541738 0.577168 0.043555 0.006602
0 0.627246 0.538223 0.015820 0.055176
0 0.541064 0.369385 0.006152 0.049023
0 0.511191 0.300786 0.042031 0.006240
1 0.447549 0.152588 0.018047 0.053594
1 0.594497 0.211680 0.007842 0.171602
1 0.622666 0.367661 0.006543 0.007529
0 0.622666 0.339150 0.006738 0.049316
0 0.849082 0.633872 0.050820 0.006475
1 0.820435 0.633906 0.006104 0.006738
0 0.421582 0.760850 0.005859 0.042285
1 0.840708 0.380962 0.049912 0.011533
1 0.124946 0.138184 0.011748 0.048047
1 0.129189 0.407339 0.021484 0.011650
1 0.124365 0.432861 0.011816 0.062402
1 0.124170 0.659277 0.011426 0.069336
