2 0.905781 0.443315 0.021328 0.059678
2 0.905771 0.531304 0.021348 0.117842
2 0.905059 0.090381 0.022246 0.136289
1 0.905156 0.946152 0.022832 0.107695
1 0.905059 0.669238 0.022812 0.103125
1 0.698755 0.605371 0.435791 0.029687
1 0.356948 0.605571 0.016768 0.029365
1 0.342983 0.767290 0.013506 0.074971
1 0.174556 0.715576 0.349111 0.030566
1 0.333979 0.365381 0.031592 0.730762
1 0.353203 0.011265 0.011953 0.022529
1 0.282109 0.147998 0.076563 0.013379
1 0.137329 0.147964 0.012998 0.012881
1 0.125229 0.012295 0.012881 0.024590
1 0.268022 0.958252 0.013779 0.083496
1 0.722910 0.400151 0.071406 0.028232
1 0.744390 0.286123 0.028721 0.256465
1 0.639224 0.172344 0.238936 0.029160
1 0.534150 0.286021 0.028379 0.256221
1 0.695269 0.011460 0.442295 0.022920
1 0.905190 0.177612 0.022100 0.036865
1 0.905127 0.303940 0.021973 0.220381
1 0.066211 0.373032 0.132422 0.014150
1 0.125132 0.252324 0.014463 0.255430
1 0.305322 0.923760 0.088770 0.014180
1 0.343252 0.918398 0.012793 0.024902
1 0.501099 0.966089 0.019248 0.067822
1 0.501025 0.725195 0.019629 0.213477
0 0.416704 0.011060 0.112881 0.022119
0 0.124873 0.074409 0.013789 0.099814
0 0.194014 0.148105 0.099395 0.012930
0 0.343091 0.855376 0.013330 0.101494
0 0.423291 0.605645 0.114863 0.029629
0 0.501313 0.882134 0.019307 0.100029
2 0.905625 0.749658 0.022344 0.060137
2 0.905679 0.835991 0.022666 0.112373
