1 0.201997 0.745073 0.010127 0.119443
1 0.177148 0.882080 0.286133 0.011230
1 0.120098 0.773511 0.015664 0.208740
1 0.303813 0.676396 0.021865 0.014590
1 0.381519 0.676772 0.021885 0.015264
1 0.384702 0.773550 0.015693 0.208564
1 0.382778 0.882505 0.019209 0.010771
1 0.386626 0.919775 0.011533 0.063379
1 0.441406 0.945640 0.121094 0.011260
1 0.709878 0.945938 0.308369 0.010664
1 0.868564 0.945859 0.010449 0.010547
1 0.868467 0.918682 0.010840 0.045371
1 0.868472 0.741831 0.010850 0.055654
1 0.868403 0.604814 0.010830 0.111055
1 0.759424 0.611323 0.209082 0.009951
1 0.745068 0.578975 0.007715 0.054746
1 0.671187 0.578159 0.006455 0.056182
1 0.758301 0.497607 0.209180 0.006738
1 0.671245 0.504165 0.006143 0.005928
1 0.568716 0.497681 0.057939 0.006396
1 0.586377 0.384229 0.006934 0.220215
1 0.594131 0.268501 0.116387 0.011377
1 0.343115 0.268408 0.098730 0.011621
1 0.212305 0.268354 0.056055 0.011143
1 0.237354 0.340820 0.006934 0.135156
1 0.237275 0.491357 0.006504 0.081152
1 0.361816 0.497607 0.242188 0.006934
1 0.389023 0.521240 0.006934 0.040918
1 0.335479 0.403691 0.006934 0.181016
1 0.094097 0.268359 0.026279 0.010742
1 0.058350 0.343472 0.049121 0.010713
1 0.076855 0.310742 0.011328 0.076562
1 0.076812 0.268145 0.011045 0.010352
1 0.097383 0.536230 0.066172 0.010352
1 0.219097 0.536211 0.042861 0.010352
1 0.774160 0.760557 0.179023 0.006465
1 0.548145 0.714009 0.158984 0.006729
1 0.624365 0.741064 0.006738 0.060645
1 0.624502 0.884473 0.006738 0.112500
1 0.431167 0.832930 0.080244 0.006738
1 0.868750 0.335259 0.011328 0.125186
1 0.830005 0.268345 0.068506 0.011240
1 0.868711 0.268232 0.010742 0.010840
1 0.570356 0.611475 0.054756 0.010059
1 0.446094 0.611484 0.109375 0.010059
1 0.389063 0.613838 0.006504 0.015898
1 0.252427 0.799731 0.111396 0.009717
1 0.213135 0.690181 0.032402 0.010537
1 0.302842 0.744580 0.010527 0.120801
1 0.172119 0.676909 0.119824 0.015713
2 0.870234 0.864702 0.014668 0.062314
2 0.870078 0.801582 0.014668 0.063906
2 0.868716 0.687188 0.012178 0.052891
2 0.868726 0.526221 0.011963 0.045605
2 0.868457 0.424839 0.011328 0.053311
2 0.691699 0.267236 0.077930 0.014355
2 0.763188 0.267188 0.064639 0.014355
2 0.431191 0.267119 0.076875 0.014355
2 0.502681 0.266855 0.066514 0.014355
2 0.266934 0.268198 0.053516 0.012236
2 0.126304 0.268247 0.037705 0.010771
2 0.164746 0.268247 0.038867 0.010967
2 0.016782 0.341680 0.033564 0.014355
2 0.346797 0.882407 0.052578 0.010381
2 0.528857 0.945796 0.053613 0.011338
1 0.560386 0.928032 0.008525 0.024502
1 0.588535 0.919429 0.064824 0.007295
1 0.488389 0.663613 0.011758 0.094062
1 0.399575 0.777612 0.007139 0.102881
1 0.433315 0.729536 0.074229 0.006826
1 0.467773 0.721748 0.005273 0.022754
1 0.431631 0.713350 0.077910 0.005957
1 0.466392 0.696460 0.006318 0.027822
1 0.472954 0.685786 0.019092 0.006826
0 0.624482 0.799766 0.006797 0.056699
1 0.582344 0.663833 0.017559 0.093779
0 0.521924 0.611587 0.041914 0.009990
0 0.626382 0.611372 0.056865 0.009932
1 0.809277 0.578647 0.006270 0.054893
1 0.801279 0.578960 0.005332 0.054893
1 0.805527 0.554326 0.014063 0.006152
1 0.773853 0.586396 0.049326 0.007715
1 0.684634 0.600220 0.006299 0.011904
1 0.681284 0.596992 0.013350 0.005449
0 0.671509 0.528667 0.006475 0.043135
0 0.625698 0.497700 0.055693 0.006670
0 0.511362 0.497651 0.056768 0.006826
0 0.389209 0.643389 0.006543 0.043145
1 0.389116 0.667056 0.006143 0.003916
0 0.342656 0.676777 0.055625 0.015371
0 0.262314 0.676772 0.060723 0.015361
0 0.237334 0.429658 0.006973 0.042129
2 0.016963 0.882559 0.033926 0.012246
1 0.100884 0.295537 0.006670 0.043105
1 0.093418 0.313857 0.021777 0.006465
