1 0.411460 0.450029 0.013154 0.078770
0 0.806895 0.010596 0.112402 0.021191
0 0.411396 0.539834 0.013047 0.100000
2 0.968267 0.583931 0.043545 0.080420
2 0.968242 0.457300 0.043496 0.078564
2 0.963862 0.106138 0.036260 0.127861
0 0.808247 0.206460 0.112666 0.030967
0 0.733560 0.288877 0.012627 0.100625
0 0.340503 0.207036 0.113604 0.030674
0 0.331675 0.010830 0.111299 0.021660
0 0.094351 0.011079 0.112061 0.022158
0 0.095117 0.207119 0.115137 0.030742
2 0.019810 0.973228 0.039619 0.028662
2 0.270352 0.972412 0.079277 0.029199
2 0.372798 0.972217 0.124834 0.029727
2 0.775371 0.971606 0.124258 0.029150
2 0.878496 0.971919 0.080840 0.029717
1 0.945850 0.969727 0.052832 0.025977
1 0.959971 0.803086 0.026016 0.360332
1 0.959316 0.294482 0.026016 0.249707
1 0.905781 0.206396 0.082109 0.031152
1 0.958252 0.021089 0.026719 0.042178
1 0.917930 0.010400 0.107363 0.020801
1 0.568989 0.010742 0.362002 0.021484
1 0.213052 0.011108 0.124170 0.022217
1 0.019043 0.011108 0.038086 0.022217
1 0.218047 0.207173 0.130508 0.031084
1 0.255356 0.324028 0.020068 0.208271
1 0.218008 0.417813 0.095391 0.020078
1 0.180537 0.683906 0.020371 0.552891
1 0.135044 0.971113 0.189814 0.025742
1 0.574121 0.970151 0.278516 0.025752
1 0.573701 0.783320 0.020234 0.351992
1 0.614761 0.616479 0.102119 0.019209
1 0.655850 0.515137 0.019160 0.222461
1 0.572900 0.414194 0.185645 0.020439
1 0.489717 0.323174 0.019512 0.202793
1 0.574395 0.206865 0.353164 0.030937
1 0.733516 0.229019 0.012969 0.018428
1 0.733921 0.378164 0.012959 0.078164
1 0.702329 0.410767 0.076143 0.012959
1 0.703159 0.619678 0.075322 0.012988
1 0.485205 0.613804 0.159668 0.013428
1 0.411558 0.605244 0.012959 0.030781
1 0.442554 0.417529 0.075342 0.013770
1 0.018706 0.206777 0.037412 0.030176
1 0.134800 0.991045 0.190166 0.017910
1 0.573945 0.990503 0.277305 0.018994
1 0.954092 0.989775 0.071504 0.020449
1 0.980020 0.811768 0.021016 0.376465
1 0.959351 0.520649 0.026123 0.048994
1 0.979307 0.521006 0.020332 0.047539
1 0.979004 0.294028 0.020078 0.247822
1 0.979790 0.020605 0.019131 0.041211
