1 0.254292 0.031538 0.094541 0.020576
1 0.075498 0.031729 0.104707 0.020859
0 0.823984 0.760791 0.099141 0.024980
1 0.996982 0.505723 0.006035 0.092383
1 0.996924 0.204888 0.006152 0.281064
1 0.250098 0.876313 0.038672 0.247373
1 0.366021 0.772217 0.270518 0.039160
1 0.517051 0.793257 0.038574 0.081553
1 0.516738 0.984136 0.037949 0.031729
1 0.383350 0.985889 0.234863 0.028223
1 0.721426 0.865576 0.037969 0.268848
1 0.755117 0.760112 0.035547 0.024346
1 0.988135 0.938647 0.023730 0.115869
1 0.988130 0.768662 0.023740 0.041660
1 0.925693 0.760596 0.101621 0.025098
1 0.868701 0.564019 0.262598 0.026455
1 0.721631 0.594482 0.037246 0.017109
1 0.712715 0.570015 0.055039 0.037510
1 0.781372 0.312749 0.013721 0.033896
1 0.033579 0.184570 0.020479 0.326563
1 0.818716 0.323081 0.088604 0.013428
1 0.781333 0.166274 0.013311 0.207549
1 0.720049 0.282715 0.135098 0.024805
1 0.513994 0.166865 0.012891 0.207129
1 0.513906 0.319819 0.012969 0.049717
1 0.522549 0.282637 0.030527 0.023984
1 0.513833 0.506353 0.012881 0.093232
1 0.310640 0.569976 0.492002 0.038115
1 0.033730 0.986328 0.020625 0.027344
1 0.033247 0.683369 0.020322 0.420645
1 0.054165 0.986045 0.026982 0.027910
1 0.054077 0.683433 0.026807 0.422158
1 0.054282 0.193867 0.026533 0.309531
1 0.084946 0.052168 0.087861 0.026133
1 0.254609 0.051987 0.095410 0.026494
1 0.644873 0.052139 0.436816 0.026387
1 0.970322 0.052446 0.059355 0.026572
1 0.970752 0.031836 0.058496 0.020117
1 0.644199 0.031758 0.436250 0.020332
0 0.621543 0.570303 0.128281 0.038965
0 0.513770 0.402114 0.013281 0.114971
0 0.594893 0.282627 0.113984 0.023613
2 0.901416 0.049692 0.077441 0.031611
2 0.363403 0.049141 0.125127 0.031816
2 0.167432 0.049565 0.079414 0.031494
2 0.051602 0.410039 0.031816 0.124062
2 0.052393 0.932920 0.029336 0.078398
0 0.721396 0.667476 0.036055 0.128896
1 0.869888 0.997754 0.260225 0.004492
