1 0.263149 0.560908 0.019971 0.010605
1 0.963418 0.463916 0.011758 0.110020
1 0.832666 0.468682 0.248926 0.011953
1 0.708921 0.409243 0.006904 0.106768
1 0.718945 0.359063 0.026758 0.006680
1 0.708706 0.496548 0.006416 0.043096
1 0.708682 0.624653 0.006797 0.113955
1 0.797388 0.688740 0.196436 0.015391
1 0.963135 0.642866 0.011035 0.098779
1 0.931738 0.686587 0.073828 0.011650
1 0.899731 0.710107 0.011045 0.058691
1 0.899834 0.971484 0.010742 0.057031
1 0.786475 0.952979 0.217480 0.016035
1 0.687637 0.979668 0.006152 0.040039
1 0.601826 0.952954 0.038730 0.015928
1 0.576113 0.681836 0.015586 0.154297
1 0.548535 0.613237 0.070312 0.016104
1 0.520718 0.494482 0.015205 0.254004
1 0.399902 0.375298 0.257031 0.015596
1 0.267378 0.353594 0.011318 0.058594
1 0.204590 0.377090 0.137305 0.011992
1 0.141714 0.393413 0.011650 0.044639
1 0.141724 0.536724 0.011533 0.059541
1 0.150029 0.561025 0.006445 0.010742
1 0.344238 0.089590 0.165625 0.011641
1 0.267422 0.114927 0.011992 0.062334
1 0.584736 0.089258 0.063184 0.011719
1 0.718164 0.089409 0.097598 0.011826
1 0.718525 0.194043 0.012539 0.200586
1 0.728306 0.293545 0.007256 0.006895
1 0.792441 0.329272 0.006504 0.065967
1 0.789321 0.358906 0.013018 0.006641
1 0.870815 0.293662 0.175947 0.006426
1 0.851338 0.329575 0.007227 0.065049
1 0.931089 0.089170 0.075322 0.011543
1 0.963145 0.219531 0.011328 0.272461
1 0.267334 0.713374 0.010840 0.108740
1 0.267520 0.583975 0.010859 0.056738
1 0.356787 0.558364 0.169238 0.006904
1 0.368467 0.441250 0.006816 0.119219
1 0.438179 0.582461 0.006260 0.054766
1 0.448691 0.599009 0.014336 0.006670
1 0.438188 0.748486 0.006455 0.193457
1 0.419946 0.841929 0.042979 0.006377
1 0.380112 0.689722 0.007158 0.060205
1 0.353442 0.722627 0.162744 0.007695
1 0.267144 0.835747 0.010439 0.018525
1 0.262661 0.839302 0.019326 0.011631
1 0.301318 0.841797 0.057910 0.006445
1 0.141685 0.858872 0.011729 0.050947
1 0.149995 0.839277 0.006650 0.011367
1 0.540781 0.693130 0.055352 0.007100
1 0.516167 0.683105 0.006221 0.026953
1 0.613145 0.688838 0.058906 0.015586
1 0.607568 0.608740 0.047363 0.006914
1 0.627856 0.576709 0.006436 0.070957
1 0.628115 0.469878 0.006035 0.055381
1 0.576821 0.450654 0.096611 0.006641
1 0.579321 0.374863 0.103857 0.015156
1 0.628042 0.390864 0.006201 0.016787
1 0.576289 0.907471 0.015586 0.185059
1 0.693394 0.293599 0.039521 0.006553
2 0.963384 0.537627 0.011514 0.037578
2 0.963232 0.574922 0.011621 0.036953
1 0.928916 0.443682 0.057246 0.007227
1 0.903389 0.451304 0.006152 0.022666
2 0.963271 0.382344 0.011348 0.053223
2 0.794238 0.089404 0.054492 0.012012
2 0.874673 0.089185 0.037236 0.011670
2 0.838721 0.089297 0.034473 0.012207
2 0.642871 0.089282 0.052539 0.011729
2 0.454072 0.089292 0.053770 0.011729
2 0.534380 0.089424 0.037119 0.011719
2 0.498389 0.089487 0.034668 0.011729
2 0.266699 0.291855 0.012500 0.064375
2 0.266016 0.202832 0.015039 0.113477
2 0.141748 0.488271 0.011621 0.037480
2 0.141719 0.442744 0.011621 0.053848
2 0.232471 0.562158 0.041113 0.013574
2 0.182583 0.562227 0.058330 0.013574
2 0.267432 0.635605 0.011035 0.046602
2 0.267188 0.797119 0.010547 0.058301
2 0.235210 0.838525 0.035264 0.013574
2 0.185508 0.838428 0.063789 0.013770
2 0.141528 0.978027 0.011475 0.043945
2 0.141650 0.903027 0.011621 0.037109
2 0.141582 0.938794 0.011621 0.034326
1 0.392236 0.582842 0.006738 0.042324
1 0.379609 0.582808 0.005625 0.042002
1 0.386123 0.600586 0.018945 0.006738
1 0.314111 0.573599 0.007051 0.023037
1 0.295547 0.581055 0.044727 0.008672
1 0.295410 0.708467 0.045000 0.006504
1 0.315347 0.711855 0.005674 0.013828
1 0.409292 0.713955 0.051631 0.006270
1 0.536602 0.842705 0.063496 0.006328
1 0.536719 0.827012 0.062793 0.007734
1 0.507339 0.834507 0.004912 0.023193
0 0.649434 0.952778 0.056465 0.016162
2 0.899761 0.908423 0.010674 0.068271
2 0.899668 0.788950 0.011055 0.098857
1 0.692949 0.275347 0.038438 0.006455
1 0.676738 0.281025 0.006094 0.018223
0 0.708730 0.542861 0.006523 0.049414
0 0.576147 0.786953 0.015576 0.055820
1 0.516113 0.623740 0.006152 0.004590
0 0.516113 0.647817 0.006152 0.043369
1 0.509741 0.599014 0.006650 0.006465
0 0.481152 0.599038 0.050527 0.006475
0 0.438184 0.630830 0.006445 0.041699
1 0.576260 0.392983 0.096914 0.005986
0 0.628257 0.420693 0.006201 0.042656
0 0.627876 0.519395 0.006357 0.043418
0 0.670923 0.688677 0.056533 0.015752
0 0.757334 0.293506 0.050605 0.006738
0 0.757666 0.358931 0.050410 0.006826
1 0.799805 0.438813 0.006836 0.047646
1 0.788579 0.438813 0.006045 0.047646
1 0.794487 0.418018 0.017568 0.006348
1 0.160781 0.090371 0.050605 0.013125
