1 0.103008 0.926099 0.036152 0.022842
1 0.934883 0.926372 0.130234 0.022900
1 0.649873 0.926382 0.212695 0.022881
1 0.530698 0.716406 0.030107 0.442578
1 0.553364 0.807666 0.007334 0.214941
1 0.570796 0.704297 0.042178 0.008145
1 0.587813 0.667222 0.008145 0.082295
1 0.607861 0.615723 0.128223 0.022227
1 0.864292 0.615537 0.153643 0.022227
1 0.905054 0.829053 0.008057 0.175879
1 0.921226 0.745029 0.040752 0.007539
1 0.951221 0.832964 0.008301 0.168271
1 0.948384 0.615278 0.013564 0.266689
1 0.970786 0.489097 0.058428 0.014131
1 0.834995 0.350625 0.181318 0.023203
1 0.919565 0.170449 0.013584 0.340898
1 0.530566 0.190239 0.030469 0.380479
1 0.586875 0.350581 0.086250 0.021787
1 0.258604 0.354136 0.517207 0.029990
1 0.130571 0.334526 0.013213 0.012783
1 0.130386 0.220464 0.012705 0.014365
1 0.135449 0.207920 0.211914 0.013457
1 0.234541 0.107349 0.014004 0.214697
1 0.325586 0.743701 0.028125 0.071191
1 0.212012 0.765112 0.255273 0.028369
1 0.098379 0.660059 0.028105 0.238477
1 0.211641 0.554937 0.254844 0.028135
1 0.229204 0.926021 0.220498 0.022881
0 0.687148 0.350205 0.113906 0.022910
0 0.530273 0.438042 0.029688 0.114756
0 0.729575 0.615430 0.115791 0.021680
0 0.130273 0.278428 0.013867 0.100410
0 0.014687 0.207373 0.029375 0.014355
2 0.042310 0.926157 0.084619 0.025654
2 0.457236 0.926157 0.116953 0.021104
2 0.368784 0.925923 0.059248 0.020908
2 0.812427 0.926523 0.114893 0.022910
