2 0.707451 0.022363 0.063340 0.012109
1 0.450894 0.431509 0.113857 0.009443
0 0.546626 0.430225 0.043545 0.006934
0 0.510210 0.338916 0.056006 0.011426
0 0.386382 0.391133 0.015459 0.056465
0 0.326528 0.126982 0.089365 0.011855
2 0.709473 0.723760 0.052910 0.011797
1 0.796768 0.695269 0.006660 0.045732
1 0.800605 0.675762 0.014102 0.006484
1 0.766328 0.578047 0.006738 0.011367
1 0.785322 0.580176 0.044824 0.006875
0 0.810889 0.639390 0.006543 0.055381
0 0.787817 0.380420 0.006787 0.055215
1 0.625107 0.704717 0.069297 0.007148
1 0.656694 0.709712 0.005967 0.016611
1 0.575713 0.527524 0.005137 0.062217
1 0.582515 0.497881 0.018037 0.007363
1 0.656328 0.574810 0.006621 0.017705
1 0.625034 0.580332 0.069209 0.007402
1 0.679888 0.569868 0.052275 0.007705
1 0.639214 0.553105 0.006260 0.017676
1 0.613071 0.548672 0.057803 0.007402
1 0.587856 0.523657 0.006631 0.057432
1 0.671240 0.557891 0.068848 0.008105
0 0.749341 0.499658 0.057783 0.006348
1 0.716592 0.499673 0.007207 0.005889
1 0.704473 0.430513 0.017090 0.007119
1 0.709629 0.499609 0.006699 0.145508
0 0.674360 0.430615 0.042861 0.006934
2 0.513242 0.724082 0.037031 0.012559
2 0.550391 0.724277 0.037266 0.012559
0 0.197261 0.790522 0.049346 0.006826
0 0.165991 0.551890 0.006104 0.043408
1 0.165859 0.526787 0.006367 0.006543
0 0.165967 0.666777 0.006152 0.041602
0 0.274341 0.623843 0.015596 0.055889
0 0.207617 0.519956 0.049414 0.007295
1 0.247964 0.725674 0.036553 0.018984
2 0.198037 0.971748 0.053887 0.011738
2 0.243374 0.971650 0.036787 0.011465
2 0.054673 0.971279 0.052686 0.011895
0 0.056592 0.790518 0.049160 0.007324
0 0.009111 0.714395 0.018223 0.007090
1 0.022036 0.852803 0.005342 0.020000
1 0.012188 0.859141 0.024375 0.007051
1 0.012354 0.846802 0.024707 0.007861
1 0.122769 0.938857 0.007236 0.053535
1 0.129111 0.915508 0.019922 0.006641
1 0.122720 0.821787 0.006768 0.055957
1 0.129258 0.846089 0.019414 0.007217
1 0.120898 0.709839 0.096484 0.017119
1 0.117871 0.618530 0.090430 0.024502
2 0.032695 0.247573 0.065391 0.013447
2 0.097676 0.247642 0.064102 0.013447
2 0.167212 0.248438 0.036572 0.012109
2 0.204375 0.248486 0.037461 0.012109
2 0.446938 0.021641 0.035869 0.012109
2 0.484253 0.021719 0.038232 0.012109
2 0.596880 0.022422 0.036729 0.012109
2 0.645405 0.022422 0.060342 0.012109
2 0.835039 0.114453 0.014648 0.031055
2 0.834863 0.066064 0.014648 0.065137
2 0.979932 0.142852 0.040137 0.013848
2 0.937637 0.142725 0.044258 0.013848
1 0.432217 0.723789 0.124590 0.011484
1 0.626050 0.723857 0.113623 0.011250
1 0.867969 0.723745 0.264062 0.011377
1 0.519624 0.430259 0.010166 0.006357
1 0.511274 0.437588 0.006553 0.021191
1 0.810903 0.692866 0.006436 0.051182
1 0.810806 0.588535 0.006436 0.046172
1 0.760146 0.568867 0.108027 0.006992
1 0.889111 0.499756 0.221777 0.006348
1 0.787783 0.348330 0.006348 0.008594
1 0.787808 0.452197 0.006670 0.088379
1 0.892285 0.338906 0.215430 0.011836
1 0.871626 0.144106 0.087217 0.010732
1 0.833311 0.139717 0.010586 0.019512
1 0.833477 0.024883 0.011426 0.016797
1 0.789307 0.022310 0.099707 0.011611
1 0.383291 0.479624 0.010078 0.031670
1 0.438169 0.468584 0.119893 0.009902
1 0.493159 0.518994 0.009424 0.110723
1 0.438521 0.569678 0.118584 0.009668
1 0.474238 0.338838 0.016133 0.011367
1 0.469331 0.317856 0.006826 0.032256
1 0.432935 0.305259 0.080029 0.006826
1 0.386265 0.441221 0.015225 0.044043
1 0.446631 0.455156 0.136035 0.016172
1 0.506406 0.510889 0.016328 0.127246
1 0.544385 0.566699 0.091895 0.015430
1 0.582227 0.639307 0.016211 0.160449
1 0.576709 0.465283 0.006738 0.063184
1 0.610693 0.430273 0.084277 0.006836
1 0.608447 0.339160 0.140137 0.011523
1 0.549072 0.180518 0.006152 0.305762
1 0.540552 0.022173 0.075049 0.010732
1 0.411177 0.022349 0.034854 0.011357
1 0.388379 0.075049 0.010742 0.116309
1 0.386475 0.247368 0.014941 0.231045
1 0.275732 0.028877 0.011621 0.024746
1 0.275977 0.112085 0.012500 0.018506
1 0.276367 0.193066 0.012305 0.122266
1 0.252832 0.248696 0.058594 0.010615
1 0.139258 0.248892 0.018750 0.010615
1 0.229312 0.790449 0.014873 0.006406
1 0.233447 0.762939 0.006348 0.061426
1 0.039478 0.714502 0.042334 0.006836
1 0.036133 0.522959 0.072266 0.011934
1 0.066553 0.616113 0.011816 0.198828
1 0.165918 0.695752 0.006055 0.016113
1 0.166064 0.609863 0.006152 0.072266
1 0.127393 0.519971 0.110840 0.006836
1 0.249268 0.520020 0.034277 0.006836
1 0.274307 0.424546 0.015625 0.342646
1 0.274219 0.692725 0.015625 0.081348
1 0.318750 0.725532 0.104492 0.015596
1 0.375732 0.847803 0.011426 0.259277
1 0.321777 0.971533 0.119336 0.011621
1 0.126123 0.971445 0.089941 0.011445
1 0.014141 0.971172 0.028281 0.011953
1 0.142686 0.880029 0.007109 0.173535
1 0.126904 0.790576 0.091309 0.006934
1 0.016011 0.790601 0.032021 0.007080
