1 0.088735 0.182554 0.047646 0.012568
1 0.913433 0.581221 0.123154 0.022480
1 0.862866 0.322354 0.021924 0.540215
1 0.798242 0.064062 0.151172 0.022461
1 0.421758 0.063330 0.231602 0.022480
1 0.432104 0.252866 0.013623 0.359111
1 0.364619 0.162979 0.121211 0.012227
1 0.392124 0.406406 0.066729 0.011719
1 0.107354 0.063135 0.214258 0.021387
1 0.161035 0.185601 0.105918 0.013604
1 0.143574 0.616523 0.173008 0.013652
1 0.238555 0.406519 0.017539 0.011182
1 0.103701 0.773306 0.185566 0.022588
1 0.103169 0.891987 0.012549 0.216025
1 0.484131 0.875166 0.031934 0.249668
1 0.391162 0.773408 0.160840 0.022715
1 0.660889 0.577012 0.383496 0.030938
1 0.484531 0.613525 0.030137 0.044238
1 0.447363 0.567603 0.043633 0.013135
1 0.431978 0.561309 0.011611 0.025723
1 0.828437 0.788843 0.065078 0.018857
1 0.850488 0.889707 0.018164 0.220586
1 0.648228 0.889707 0.018213 0.220586
2 0.260557 0.063574 0.091328 0.022266
0 0.303125 0.406270 0.110938 0.011758
1 0.030669 0.308403 0.061338 0.010264
1 0.056133 0.193701 0.010547 0.239746
1 0.071533 0.131309 0.012793 0.115156
1 0.105977 0.294194 0.012422 0.231553
1 0.164966 0.403896 0.130908 0.012207
1 0.224746 0.417500 0.011230 0.039219
1 0.200884 0.431543 0.059170 0.011621
1 0.176821 0.502456 0.011338 0.153350
1 0.200942 0.573169 0.059307 0.011670
1 0.224331 0.588442 0.012139 0.042412
1 0.155566 0.518091 0.012031 0.182568
1 0.111089 0.433101 0.100674 0.012412
1 0.067563 0.380913 0.013311 0.116475
1 0.037119 0.329146 0.074238 0.012627
0 0.028442 0.616465 0.056885 0.013770
0 0.005420 0.773301 0.010840 0.022480
0 0.253770 0.773208 0.113594 0.022725
0 0.431982 0.490210 0.012012 0.116084
0 0.483726 0.693008 0.032334 0.114629
1 0.388882 0.115649 0.014775 0.081025
2 0.685151 0.063110 0.074971 0.023486
2 0.593091 0.064087 0.108877 0.023369
