1 0.549971 0.588540 0.078770 0.013154
0 0.989404 0.193105 0.021191 0.112402
0 0.460166 0.588604 0.100000 0.013047
2 0.416069 0.031733 0.080420 0.043545
2 0.542700 0.031758 0.078564 0.043496
2 0.893862 0.036138 0.127861 0.036260
0 0.793540 0.191753 0.030967 0.112666
0 0.711123 0.266440 0.100625 0.012627
0 0.792964 0.659497 0.030674 0.113604
0 0.989170 0.668325 0.021660 0.111299
0 0.988921 0.905649 0.022158 0.112061
0 0.792881 0.904883 0.030742 0.115137
2 0.026772 0.980190 0.028662 0.039619
2 0.027588 0.729648 0.029199 0.079277
2 0.027783 0.627202 0.029727 0.124834
2 0.028394 0.224629 0.029150 0.124258
2 0.028081 0.121504 0.029717 0.080840
1 0.030273 0.054150 0.025977 0.052832
1 0.196914 0.040029 0.360332 0.026016
1 0.705518 0.040684 0.249707 0.026016
1 0.793604 0.094219 0.031152 0.082109
1 0.978911 0.041748 0.042178 0.026719
1 0.989600 0.082070 0.020801 0.107363
1 0.989258 0.431011 0.021484 0.362002
1 0.988892 0.786948 0.022217 0.124170
1 0.988892 0.980957 0.022217 0.038086
1 0.792827 0.781953 0.031084 0.130508
1 0.675972 0.744644 0.208271 0.020068
1 0.582187 0.781992 0.020078 0.095391
1 0.316094 0.819463 0.552891 0.020371
1 0.028887 0.864956 0.025742 0.189814
1 0.029849 0.425879 0.025752 0.278516
1 0.216680 0.426299 0.351992 0.020234
1 0.383521 0.385239 0.019209 0.102119
1 0.484863 0.344150 0.222461 0.019160
1 0.585806 0.427100 0.020439 0.185645
1 0.676826 0.510283 0.202793 0.019512
1 0.793135 0.425605 0.030937 0.353164
1 0.770981 0.266484 0.018428 0.012969
1 0.621836 0.266079 0.078164 0.012959
1 0.589233 0.297671 0.012959 0.076143
1 0.380322 0.296841 0.012988 0.075322
1 0.386196 0.514795 0.013428 0.159668
1 0.394756 0.588442 0.030781 0.012959
1 0.582471 0.557446 0.013770 0.075342
1 0.793223 0.981294 0.030176 0.037412
1 0.008955 0.865200 0.017910 0.190166
1 0.009497 0.426055 0.018994 0.277305
1 0.010225 0.045908 0.020449 0.071504
1 0.188232 0.019980 0.376465 0.021016
1 0.479351 0.040649 0.048994 0.026123
1 0.478994 0.020693 0.047539 0.020332
1 0.705972 0.020996 0.247822 0.020078
1 0.979395 0.020210 0.041211 0.019131
