1 0.617896 0.566572 0.012939 0.078770
1 0.585986 0.599150 0.076855 0.013438
1 0.540000 0.694258 0.020156 0.204492
1 0.456650 0.601880 0.186016 0.019736
1 0.373721 0.500488 0.019316 0.221680
1 0.415293 0.399487 0.102461 0.019736
1 0.456440 0.229453 0.019326 0.359062
1 0.456240 0.039912 0.278926 0.026230
1 0.085015 0.039956 0.055518 0.026338
1 0.070586 0.238652 0.026660 0.423789
1 0.070835 0.686929 0.026494 0.318330
1 0.070005 0.987012 0.024834 0.025977
1 0.122563 0.809219 0.081553 0.030430
1 0.049834 0.229185 0.020566 0.438838
1 0.075918 0.018569 0.071953 0.019170
1 0.050342 0.686948 0.020801 0.317100
1 0.050059 0.987085 0.020234 0.025830
0 0.696787 0.809106 0.115449 0.030635
0 0.617734 0.476782 0.012578 0.100439
0 0.295718 0.726963 0.012666 0.100547
2 0.760596 0.038032 0.078613 0.029854
2 0.658110 0.038101 0.126025 0.030381
1 0.850425 0.421968 0.020420 0.742568
0 0.934131 0.808628 0.114746 0.031084
1 0.995737 0.808296 0.008525 0.030264
1 0.996768 0.997686 0.006465 0.004629
0 0.934731 0.997344 0.113486 0.005313
0 0.688154 0.996313 0.114180 0.007373
1 0.811958 0.996997 0.130674 0.006006
0 0.220288 0.996982 0.112334 0.006035
1 0.452417 0.996802 0.350811 0.006396
1 0.123467 0.996968 0.080840 0.006064
0 0.067588 0.910415 0.030918 0.127803
0 0.219355 0.809258 0.114863 0.030254
2 0.070107 0.488818 0.035078 0.079785
2 0.254268 0.038071 0.122793 0.029795
2 0.151489 0.037559 0.080615 0.029805
1 0.895068 0.018662 0.190332 0.019355
1 0.455898 0.020000 0.277070 0.020156
1 0.617583 0.411328 0.012471 0.030605
1 0.544834 0.402603 0.157891 0.013604
1 0.815112 0.809004 0.122432 0.031094
1 0.895859 0.040259 0.190449 0.026240
1 0.295459 0.786074 0.012676 0.017793
1 0.326367 0.396270 0.075332 0.013770
1 0.295464 0.637554 0.012959 0.078408
1 0.326943 0.604751 0.076348 0.012803
1 0.458833 0.809209 0.361416 0.030664
