2 0.556685 0.905781 0.059678 0.021328
2 0.468696 0.905771 0.117842 0.021348
2 0.909619 0.905059 0.136289 0.022246
1 0.053848 0.905156 0.107695 0.022832
1 0.330762 0.905059 0.103125 0.022812
1 0.394629 0.698755 0.029687 0.435791
1 0.394429 0.356948 0.029365 0.016768
1 0.232710 0.342983 0.074971 0.013506
1 0.284424 0.174556 0.030566 0.349111
1 0.634619 0.333979 0.730762 0.031592
1 0.988735 0.353203 0.022529 0.011953
1 0.852002 0.282109 0.013379 0.076563
1 0.852036 0.137329 0.012881 0.012998
1 0.987705 0.125229 0.024590 0.012881
1 0.041748 0.268022 0.083496 0.013779
1 0.599849 0.722910 0.028232 0.071406
1 0.713877 0.744390 0.256465 0.028721
1 0.827656 0.639224 0.029160 0.238936
1 0.713979 0.534150 0.256221 0.028379
1 0.988540 0.695269 0.022920 0.442295
1 0.822388 0.905190 0.036865 0.022100
1 0.696060 0.905127 0.220381 0.021973
1 0.626968 0.066211 0.014150 0.132422
1 0.747676 0.125132 0.255430 0.014463
1 0.076240 0.305322 0.014180 0.088770
1 0.081602 0.343252 0.024902 0.012793
1 0.033911 0.501099 0.067822 0.019248
1 0.274805 0.501025 0.213477 0.019629
0 0.988940 0.416704 0.022119 0.112881
0 0.925591 0.124873 0.099814 0.013789
0 0.851895 0.194014 0.012930 0.099395
0 0.144624 0.343091 0.101494 0.013330
0 0.394355 0.423291 0.029629 0.114863
0 0.117866 0.501313 0.100029 0.019307
2 0.250342 0.905625 0.060137 0.022344
2 0.164009 0.905679 0.112373 0.022666
