0 0.203545 0.517100 0.085996 0.017031
0 0.399771 0.516982 0.101416 0.017031
0 0.705737 0.431738 0.032627 0.115625
0 0.903330 0.207759 0.016348 0.100049
2 0.788433 0.930273 0.136045 0.023828
2 0.200903 0.931255 0.086182 0.022256
1 0.875317 0.930957 0.035498 0.021289
1 0.946631 0.931104 0.106738 0.021582
1 0.928750 0.769785 0.142500 0.027363
1 0.871191 0.664731 0.027344 0.237471
1 0.928906 0.559951 0.142188 0.027051
1 0.706055 0.715332 0.028516 0.453125
1 0.628667 0.930786 0.126865 0.021924
1 0.318086 0.931299 0.148281 0.021973
1 0.021997 0.931299 0.043994 0.021387
1 0.101382 0.931006 0.113838 0.022363
1 0.015088 0.460156 0.030176 0.920312
1 0.532227 0.181265 0.029688 0.361104
1 0.706216 0.367847 0.028779 0.011885
1 0.903521 0.295781 0.012705 0.074883
1 0.571265 0.517090 0.241260 0.012695
1 0.297793 0.516997 0.101680 0.012646
2 0.435337 0.930669 0.085771 0.022256
1 0.264990 0.721924 0.018848 0.396777
1 0.090210 0.558066 0.121143 0.007695
1 0.147212 0.538398 0.007139 0.030957
1 0.086606 0.514331 0.113701 0.006885
1 0.151777 0.516846 0.016309 0.011719
1 0.149204 0.381597 0.238115 0.018838
1 0.261797 0.334507 0.013477 0.074678
1 0.903452 0.078638 0.012959 0.157275
1 0.955181 0.120313 0.089639 0.013477
1 0.758999 0.348188 0.482002 0.029482
2 0.521099 0.930625 0.085771 0.022266
