1 0.031538 0.745708 0.020576 0.094541
1 0.031729 0.924502 0.020859 0.104707
0 0.760791 0.176016 0.024980 0.099141
1 0.505723 0.003018 0.092383 0.006035
1 0.204888 0.003076 0.281064 0.006152
1 0.876313 0.749902 0.247373 0.038672
1 0.772217 0.633979 0.039160 0.270518
1 0.793257 0.482949 0.081553 0.038574
1 0.984136 0.483262 0.031729 0.037949
1 0.985889 0.616650 0.028223 0.234863
1 0.865576 0.278574 0.268848 0.037969
1 0.760112 0.244883 0.024346 0.035547
1 0.938647 0.011865 0.115869 0.023730
1 0.768662 0.011870 0.041660 0.023740
1 0.760596 0.074307 0.025098 0.101621
1 0.564019 0.131299 0.026455 0.262598
1 0.594482 0.278369 0.017109 0.037246
1 0.570015 0.287285 0.037510 0.055039
1 0.312749 0.218628 0.033896 0.013721
1 0.184570 0.966421 0.326563 0.020479
1 0.323081 0.181284 0.013428 0.088604
1 0.166274 0.218667 0.207549 0.013311
1 0.282715 0.279951 0.024805 0.135098
1 0.166865 0.486006 0.207129 0.012891
1 0.319819 0.486094 0.049717 0.012969
1 0.282637 0.477451 0.023984 0.030527
1 0.506353 0.486167 0.093232 0.012881
1 0.569976 0.689360 0.038115 0.492002
1 0.986328 0.966270 0.027344 0.020625
1 0.683369 0.966753 0.420645 0.020322
1 0.986045 0.945835 0.027910 0.026982
1 0.683433 0.945923 0.422158 0.026807
1 0.193867 0.945718 0.309531 0.026533
1 0.052168 0.915054 0.026133 0.087861
1 0.051987 0.745391 0.026494 0.095410
1 0.052139 0.355127 0.026387 0.436816
1 0.052446 0.029678 0.026572 0.059355
1 0.031836 0.029248 0.020117 0.058496
1 0.031758 0.355801 0.020332 0.436250
0 0.570303 0.378457 0.038965 0.128281
0 0.402114 0.486230 0.114971 0.013281
0 0.282627 0.405107 0.023613 0.113984
2 0.049692 0.098584 0.031611 0.077441
2 0.049141 0.636597 0.031816 0.125127
2 0.049565 0.832568 0.031494 0.079414
2 0.410039 0.948398 0.124062 0.031816
2 0.932920 0.947607 0.078398 0.029336
0 0.667476 0.278604 0.128896 0.036055
1 0.997754 0.130112 0.004492 0.260225
