1 0.497686 0.945020 0.004922 0.109961
1 0.497778 0.764116 0.005127 0.150303
1 0.579004 0.750972 0.156641 0.004912
1 0.497549 0.615942 0.005449 0.044014
1 0.425625 0.633364 0.005156 0.060479
1 0.360010 0.605508 0.136426 0.004961
1 0.358091 0.757886 0.133760 0.004443
1 0.425742 0.765195 0.004219 0.102852
1 0.425815 0.916211 0.003779 0.098633
1 0.358228 0.910088 0.132861 0.004219
1 0.284292 0.695317 0.015752 0.609365
1 0.579873 0.578999 0.155410 0.014697
1 0.509946 0.540996 0.015596 0.090703
1 0.436299 0.503623 0.162949 0.014277
1 0.398706 0.436021 0.016455 0.120928
1 0.660708 0.271572 0.024150 0.015684
1 0.669331 0.233618 0.006260 0.060225
1 0.672788 0.206172 0.013799 0.005332
1 0.817075 0.206187 0.175029 0.005928
1 0.741943 0.194111 0.005957 0.017598
1 0.742261 0.075059 0.006592 0.121406
1 0.799658 0.089648 0.006543 0.063359
1 0.850342 0.060771 0.108496 0.006309
1 0.572031 0.063618 0.202148 0.012021
1 0.669116 0.087729 0.006533 0.037744
1 0.569688 0.102793 0.005781 0.065684
1 0.569482 0.220571 0.006152 0.086396
1 0.523765 0.271572 0.133193 0.015645
1 0.464619 0.139653 0.015117 0.279307
1 0.452056 0.131826 0.007607 0.263652
1 0.328789 0.138516 0.257402 0.008398
1 0.243149 0.271724 0.273096 0.015518
1 0.193604 0.161763 0.014551 0.235439
1 0.142773 0.037319 0.117578 0.015459
1 0.194136 0.026079 0.014912 0.006533
1 0.005908 0.139795 0.011816 0.279590
1 0.053613 0.271948 0.107227 0.015186
1 0.099561 0.282930 0.015527 0.006777
1 0.014951 0.037451 0.008945 0.015723
1 0.099458 0.411533 0.015537 0.136035
1 0.192305 0.387720 0.171641 0.007979
1 0.284478 0.367231 0.015635 0.049033
1 0.099736 0.668555 0.015879 0.191289
1 0.077437 0.756616 0.059619 0.016377
1 0.192266 0.760840 0.171523 0.007734
1 0.599360 0.476328 0.010244 0.081328
1 0.560210 0.511870 0.087803 0.010166
0 0.425986 0.982803 0.004355 0.034395
0 0.497578 0.663384 0.005234 0.051162
0 0.425581 0.688872 0.004502 0.050771
0 0.497705 0.864492 0.004785 0.050762
0 0.425635 0.841602 0.004355 0.050762
1 0.578711 0.909312 0.158789 0.004229
1 0.665024 0.681577 0.015576 0.636846
1 0.664990 0.321240 0.015332 0.084668
1 0.789077 0.369917 0.264092 0.017080
1 0.912207 0.331963 0.016797 0.093301
1 0.912373 0.176021 0.016035 0.070010
1 0.912905 0.044629 0.015674 0.089258
1 0.453403 0.271421 0.008174 0.015537
2 0.912305 0.229438 0.016406 0.036631
2 0.912231 0.266655 0.016846 0.037412
2 0.912744 0.115278 0.015527 0.052041
0 0.099370 0.314902 0.015576 0.056875
0 0.023926 0.756592 0.047852 0.016309
0 0.099463 0.526211 0.016309 0.093164
1 0.423823 0.381006 0.032939 0.011621
1 0.412373 0.435425 0.010664 0.121045
1 0.462886 0.490142 0.109756 0.010986
1 0.512588 0.435425 0.010352 0.119229
1 0.518862 0.258677 0.092529 0.008506
0 0.569673 0.156543 0.005967 0.041348
1 0.552446 0.093745 0.007256 0.048252
1 0.557729 0.114102 0.017549 0.006973
0 0.742241 0.007124 0.007002 0.014248
1 0.880820 0.077998 0.047168 0.009766
1 0.860488 0.073384 0.006504 0.018447
1 0.770898 0.063765 0.050156 0.014912
0 0.741909 0.160669 0.006416 0.049326
0 0.704482 0.206235 0.049609 0.005752
0 0.619375 0.271519 0.058301 0.015693
0 0.408330 0.271436 0.057129 0.015684
1 0.443042 0.271436 0.012295 0.015684
1 0.284043 0.283213 0.015723 0.007051
0 0.283774 0.314253 0.015186 0.058818
0 0.326274 0.504180 0.058584 0.015859
