1 0.427002 0.059082 0.117090 0.022070
1 0.406934 0.727207 0.148535 0.029590
1 0.098291 0.059082 0.196582 0.022656
1 0.930991 0.322949 0.021943 0.106250
1 0.771387 0.726660 0.342383 0.029102
1 0.624170 0.698584 0.013379 0.030371
1 0.120264 0.996729 0.012207 0.006543
1 0.120361 0.812207 0.013574 0.161523
1 0.078613 0.723096 0.157227 0.022168
1 0.667383 0.418643 0.007617 0.102754
1 0.655840 0.466528 0.030352 0.007471
1 0.644194 0.510659 0.007139 0.096064
1 0.636133 0.555396 0.023965 0.007275
1 0.812588 0.112476 0.013496 0.085752
1 0.931104 0.933193 0.021973 0.133574
1 0.931055 0.119336 0.022070 0.071289
1 0.931201 0.065962 0.020996 0.034658
1 0.761035 0.059131 0.318555 0.021777
1 0.748437 0.931787 0.069336 0.027441
1 0.769629 0.959033 0.026953 0.081934
1 0.347656 0.856152 0.029883 0.287695
1 0.580566 0.538135 0.073633 0.022949
1 0.436768 0.463027 0.019141 0.173125
2 0.239854 0.057969 0.085566 0.021484
0 0.120435 0.942866 0.016885 0.099814
0 0.207910 0.723145 0.100195 0.024219
0 0.542803 0.727051 0.115684 0.029297
1 0.442397 0.538760 0.031084 0.021699
1 0.433887 0.323057 0.013359 0.105664
1 0.679834 0.348877 0.479590 0.008105
1 0.812451 0.292725 0.013184 0.103418
1 0.624316 0.567402 0.013672 0.030039
1 0.529390 0.371577 0.176377 0.007607
1 0.621372 0.460835 0.008369 0.186143
1 0.791851 0.371812 0.256943 0.008467
0 0.623735 0.633594 0.016982 0.097461
0 0.501104 0.538379 0.085605 0.022266
0 0.812812 0.198623 0.016641 0.085254
2 0.543604 0.059014 0.114746 0.021484
2 0.326221 0.058301 0.087012 0.021484
2 0.930845 0.803906 0.022256 0.126367
2 0.931812 0.433154 0.022256 0.115469
2 0.931157 0.212813 0.022256 0.115469
1 0.561768 0.931899 0.031504 0.027783
1 0.931133 0.602017 0.022852 0.224092
1 0.900513 0.660229 0.008799 0.107666
1 0.907529 0.610728 0.022793 0.008428
1 0.559668 0.959082 0.027344 0.081836
1 0.296826 0.723242 0.076660 0.022266
