1 0.045410 0.536948 0.012305 0.041865
1 0.025801 0.551455 0.051602 0.012773
0 0.198398 0.510107 0.112773 0.012422
2 0.822031 0.047329 0.022578 0.094658
2 0.822222 0.447607 0.022217 0.074121
2 0.822202 0.355659 0.022197 0.109385
1 0.262104 0.172607 0.013057 0.345215
1 0.262476 0.350894 0.158252 0.013447
1 0.319937 0.860981 0.022100 0.252627
1 0.154785 0.885239 0.309570 0.030635
1 0.070894 0.509878 0.141787 0.012275
1 0.023062 0.351006 0.046123 0.013145
1 0.221167 0.851396 0.175869 0.035996
1 0.822012 0.197852 0.021953 0.206055
1 0.821938 0.505581 0.022021 0.041260
1 0.015171 0.839004 0.030342 0.012012
1 0.571045 0.515405 0.523730 0.022021
1 0.282285 0.510127 0.054805 0.012598
1 0.319932 0.565820 0.022227 0.122852
2 0.319829 0.681299 0.022256 0.107461
1 0.024282 0.851504 0.012314 0.037012
1 0.129150 0.044326 0.258301 0.011055
1 0.539844 0.158203 0.543945 0.011328
