1 0.756929 0.620132 0.005479 0.027061
1 0.438555 0.790332 0.021328 0.419336
1 0.442261 0.989370 0.028174 0.021260
1 0.498848 0.822656 0.098945 0.011133
1 0.684072 0.822900 0.098945 0.012012
1 0.738657 0.786177 0.011748 0.315342
1 0.739082 0.597656 0.012598 0.028125
1 0.849692 0.938003 0.233955 0.012666
1 0.585181 0.989824 0.255986 0.020352
1 0.960503 0.965859 0.012861 0.067754
1 0.796631 0.228516 0.137715 0.023633
1 0.438696 0.426567 0.022510 0.095127
1 0.777300 0.959468 0.011807 0.029287
1 0.740493 0.981982 0.010088 0.036035
1 0.758701 0.968149 0.047871 0.011807
1 0.590859 0.937461 0.281621 0.013008
0 0.591538 0.822632 0.086064 0.011572
2 0.438931 0.527490 0.022959 0.106367
2 0.437847 0.340332 0.024912 0.077539
2 0.437847 0.270908 0.024912 0.060762
2 0.672949 0.226758 0.109180 0.027148
2 0.566104 0.226826 0.104082 0.027148
2 0.483359 0.226836 0.060859 0.027148
2 0.902598 0.228320 0.074492 0.023828
2 0.969946 0.228311 0.060107 0.023828
1 0.925420 0.959409 0.011543 0.029561
1 0.936870 0.966846 0.034463 0.014453
1 0.752539 0.609536 0.014258 0.005674
1 0.751953 0.630674 0.015234 0.006152
1 0.735498 0.620034 0.005371 0.016709
