2 0.105640 0.685000 0.022764 0.108437
0 0.617729 0.406865 0.029795 0.114805
1 0.271538 0.465576 0.309072 0.010566
0 0.538369 0.490420 0.099883 0.010957
1 0.241880 0.159775 0.012412 0.033203
2 0.106274 0.777173 0.023838 0.074971
1 0.886953 0.297729 0.062422 0.017881
1 0.909067 0.187935 0.018818 0.237412
1 0.808203 0.078481 0.219922 0.018506
1 0.707617 0.188672 0.018750 0.238555
1 0.596167 0.490674 0.015576 0.011504
1 0.106143 0.872705 0.023320 0.115918
1 0.105776 0.507217 0.022256 0.246855
1 0.302490 0.490430 0.371973 0.010937
1 0.955850 0.919751 0.088301 0.021924
1 0.935571 0.687979 0.029170 0.446699
1 0.975146 0.490381 0.049707 0.011914
1 0.343437 0.414395 0.012148 0.092383
1 0.431621 0.420039 0.010508 0.128867
1 0.368677 0.920156 0.546729 0.021602
1 0.105908 0.138770 0.022559 0.277539
1 0.251289 0.136841 0.271094 0.012627
2 0.855615 0.919917 0.111816 0.021416
2 0.720850 0.919888 0.157324 0.021631
0 0.935532 0.407358 0.029072 0.113936
1 0.432178 0.138975 0.010742 0.207246
1 0.410469 0.041265 0.054141 0.011240
1 0.388706 0.089648 0.010850 0.107617
1 0.395200 0.139048 0.016025 0.010146
1 0.397939 0.189790 0.010957 0.111631
1 0.409590 0.239175 0.034219 0.013154
1 0.431855 0.250415 0.011152 0.014990
0 0.431777 0.306841 0.011055 0.097471
2 0.105586 0.330571 0.022227 0.105674
1 0.130718 0.275635 0.026475 0.012344
1 0.138037 0.223608 0.011270 0.116162
1 0.190205 0.170708 0.115684 0.011338
1 0.617437 0.687988 0.028818 0.447070
1 0.617847 0.313491 0.028955 0.071807
1 0.648716 0.292700 0.090693 0.030225
1 0.680547 0.172021 0.029141 0.271191
1 0.628936 0.042607 0.074551 0.012754
1 0.832764 0.051387 0.334473 0.030234
1 0.936187 0.207832 0.028975 0.284219
