0 0.531689 0.358262 0.012676 0.098164
0 0.364141 0.366455 0.012109 0.099512
2 0.073062 0.240957 0.022373 0.090391
2 0.383330 0.923335 0.108652 0.022588
2 0.291504 0.923457 0.074219 0.023281
2 0.781758 0.922988 0.107305 0.023438
2 0.924590 0.922871 0.074980 0.022969
2 0.981274 0.922754 0.037451 0.023203
0 0.554199 0.152993 0.011914 0.084443
1 0.166572 0.309717 0.106309 0.031680
1 0.099609 0.362437 0.032266 0.137432
1 0.072769 0.097891 0.022490 0.195781
1 0.072510 0.610352 0.021973 0.648242
1 0.157837 0.922949 0.193018 0.022461
1 0.582646 0.923320 0.290566 0.022461
1 0.861108 0.922866 0.052100 0.022490
1 0.554150 0.055342 0.011816 0.110684
1 0.531738 0.659766 0.012695 0.504687
1 0.572007 0.425474 0.068076 0.011553
1 0.720415 0.469600 0.012295 0.100527
1 0.710273 0.425083 0.007969 0.010459
1 0.712563 0.101851 0.023896 0.203701
1 0.554443 0.243452 0.010645 0.095908
1 0.363940 0.139658 0.013857 0.279316
1 0.411802 0.048784 0.011338 0.096572
1 0.226367 0.437075 0.287305 0.011650
1 0.363970 0.429590 0.012100 0.026621
1 0.363799 0.298174 0.012090 0.036953
1 0.531763 0.300220 0.012881 0.017412
1 0.458799 0.285605 0.201973 0.011719
1 0.394175 0.088882 0.046611 0.018057
1 0.632290 0.540396 0.185361 0.040322
0 0.656104 0.425454 0.100293 0.011650
