0 0.358262 0.468311 0.098164 0.012676
0 0.366455 0.635859 0.099512 0.012109
2 0.240957 0.926938 0.090391 0.022373
2 0.923335 0.616670 0.022588 0.108652
2 0.923457 0.708496 0.023281 0.074219
2 0.922988 0.218242 0.023438 0.107305
2 0.922871 0.075410 0.022969 0.074980
2 0.922754 0.018726 0.023203 0.037451
0 0.152993 0.445801 0.084443 0.011914
1 0.309717 0.833428 0.031680 0.106309
1 0.362437 0.900391 0.137432 0.032266
1 0.097891 0.927231 0.195781 0.022490
1 0.610352 0.927490 0.648242 0.021973
1 0.922949 0.842163 0.022461 0.193018
1 0.923320 0.417354 0.022461 0.290566
1 0.922866 0.138892 0.022490 0.052100
1 0.055342 0.445850 0.110684 0.011816
1 0.659766 0.468262 0.504687 0.012695
1 0.425474 0.427993 0.011553 0.068076
1 0.469600 0.279585 0.100527 0.012295
1 0.425083 0.289727 0.010459 0.007969
1 0.101851 0.287437 0.203701 0.023896
1 0.243452 0.445557 0.095908 0.010645
1 0.139658 0.636060 0.279316 0.013857
1 0.048784 0.588198 0.096572 0.011338
1 0.437075 0.773633 0.011650 0.287305
1 0.429590 0.636030 0.026621 0.012100
1 0.298174 0.636201 0.036953 0.012090
1 0.300220 0.468237 0.017412 0.012881
1 0.285605 0.541201 0.011719 0.201973
1 0.088882 0.605825 0.018057 0.046611
1 0.540396 0.367710 0.040322 0.185361
0 0.425454 0.343896 0.011650 0.100293
