1 0.059082 0.572998 0.022070 0.117090
1 0.727207 0.593066 0.029590 0.148535
1 0.059082 0.901709 0.022656 0.196582
1 0.322949 0.069009 0.106250 0.021943
1 0.726660 0.228613 0.029102 0.342383
1 0.698584 0.375830 0.030371 0.013379
1 0.996729 0.879736 0.006543 0.012207
1 0.812207 0.879639 0.161523 0.013574
1 0.723096 0.921387 0.022168 0.157227
1 0.418643 0.332617 0.102754 0.007617
1 0.466528 0.344160 0.007471 0.030352
1 0.510659 0.355806 0.096064 0.007139
1 0.555396 0.363867 0.007275 0.023965
1 0.112476 0.187412 0.085752 0.013496
1 0.933193 0.068896 0.133574 0.021973
1 0.119336 0.068945 0.071289 0.022070
1 0.065962 0.068799 0.034658 0.020996
1 0.059131 0.238965 0.021777 0.318555
1 0.931787 0.251563 0.027441 0.069336
1 0.959033 0.230371 0.081934 0.026953
1 0.856152 0.652344 0.287695 0.029883
1 0.538135 0.419434 0.022949 0.073633
1 0.463027 0.563232 0.173125 0.019141
2 0.057969 0.760146 0.021484 0.085566
0 0.942866 0.879565 0.099814 0.016885
0 0.723145 0.792090 0.024219 0.100195
0 0.727051 0.457197 0.029297 0.115684
1 0.538760 0.557603 0.021699 0.031084
1 0.323057 0.566113 0.105664 0.013359
1 0.348877 0.320166 0.008105 0.479590
1 0.292725 0.187549 0.103418 0.013184
1 0.567402 0.375684 0.030039 0.013672
1 0.371577 0.470610 0.007607 0.176377
1 0.460835 0.378628 0.186143 0.008369
1 0.371812 0.208149 0.008467 0.256943
0 0.633594 0.376265 0.097461 0.016982
0 0.538379 0.498896 0.022266 0.085605
0 0.198623 0.187188 0.085254 0.016641
2 0.059014 0.456396 0.021484 0.114746
2 0.058301 0.673779 0.021484 0.087012
2 0.803906 0.069155 0.126367 0.022256
2 0.433154 0.068188 0.115469 0.022256
2 0.212813 0.068843 0.115469 0.022256
1 0.931899 0.438232 0.027783 0.031504
1 0.602017 0.068867 0.224092 0.022852
1 0.660229 0.099487 0.107666 0.008799
1 0.610728 0.092471 0.008428 0.022793
1 0.959082 0.440332 0.081836 0.027344
1 0.723242 0.703174 0.022266 0.076660
