1 0.463052 0.954590 0.041865 0.012305
1 0.448545 0.974199 0.012773 0.051602
0 0.489893 0.801602 0.012422 0.112773
2 0.952671 0.177969 0.094658 0.022578
2 0.552393 0.177778 0.074121 0.022217
2 0.644341 0.177798 0.109385 0.022197
1 0.827393 0.737896 0.345215 0.013057
1 0.649106 0.737524 0.013447 0.158252
1 0.139019 0.680063 0.252627 0.022100
1 0.114761 0.845215 0.030635 0.309570
1 0.490122 0.929106 0.012275 0.141787
1 0.648994 0.976938 0.013145 0.046123
1 0.148604 0.778833 0.035996 0.175869
1 0.802148 0.177988 0.206055 0.021953
1 0.494419 0.178062 0.041260 0.022021
1 0.160996 0.984829 0.012012 0.030342
1 0.484595 0.428955 0.022021 0.523730
1 0.489873 0.717715 0.012598 0.054805
1 0.434180 0.680068 0.122852 0.022227
2 0.318701 0.680171 0.107461 0.022256
1 0.148496 0.975718 0.037012 0.012314
1 0.955674 0.870850 0.011055 0.258301
1 0.841797 0.460156 0.011328 0.543945
