2 0.058057 0.464800 0.021973 0.114365
1 0.947319 0.364771 0.061025 0.022549
1 0.785596 0.327617 0.013574 0.096855
1 0.925762 0.076709 0.014375 0.153418
1 0.889502 0.160186 0.220996 0.014121
1 0.785518 0.165815 0.013027 0.025811
1 0.665620 0.298818 0.226768 0.014219
1 0.545142 0.186416 0.014268 0.372832
1 0.058574 0.088096 0.023184 0.176191
1 0.058735 0.349331 0.023916 0.118779
1 0.058467 0.726353 0.022715 0.410576
1 0.065601 0.940337 0.037197 0.022021
1 0.132690 0.940430 0.102158 0.022266
1 0.407134 0.940415 0.219521 0.022393
1 0.673447 0.940396 0.142520 0.023037
1 0.947065 0.940479 0.062002 0.022754
1 0.987554 0.730127 0.024893 0.443848
1 0.970586 0.537827 0.014043 0.022725
1 0.764844 0.537646 0.198047 0.022949
1 0.490732 0.537793 0.180273 0.023047
1 0.405713 0.689785 0.013770 0.285039
2 0.860444 0.940884 0.113057 0.021416
2 0.774175 0.940957 0.059678 0.021426
2 0.559658 0.940732 0.086113 0.022090
2 0.240811 0.940635 0.114629 0.022285
1 0.987754 0.374224 0.024492 0.040791
2 0.058574 0.233423 0.021973 0.114365
0 0.623315 0.538159 0.084131 0.021865
0 0.914038 0.537622 0.099756 0.021865
0 0.785449 0.228906 0.015625 0.099219
0 0.987402 0.452944 0.025195 0.115068
0 0.405908 0.875190 0.015723 0.085928
1 0.405747 0.924878 0.013311 0.013818
1 0.426270 0.642979 0.030859 0.007285
1 0.437583 0.685293 0.008135 0.091914
1 0.548110 0.735376 0.271162 0.008350
1 0.548291 0.781357 0.271582 0.008125
1 0.690425 0.739360 0.014443 0.384580
1 0.710273 0.595220 0.007695 0.097451
1 0.705952 0.639595 0.016650 0.008955
