2 0.867090 0.811357 0.021875 0.115488
1 0.449922 0.842236 0.014883 0.315527
1 0.536621 0.146558 0.013867 0.076650
1 0.346807 0.504019 0.011914 0.013857
1 0.528906 0.503809 0.179102 0.013867
1 0.536582 0.385195 0.013203 0.227461
1 0.436089 0.339604 0.189541 0.007295
1 0.436572 0.293374 0.189160 0.007295
1 0.334595 0.247104 0.013818 0.277217
1 0.319956 0.389961 0.043877 0.007969
1 0.337754 0.443701 0.008164 0.099512
1 0.302695 0.442920 0.009102 0.097559
1 0.246245 0.501221 0.190127 0.019238
1 0.044087 0.500981 0.013994 0.018428
1 0.024482 0.315391 0.030098 0.414531
1 0.051279 0.099312 0.083418 0.022725
1 0.345449 0.099194 0.161602 0.022686
1 0.584390 0.099014 0.146455 0.022695
1 0.860249 0.098799 0.037100 0.022578
1 0.807959 0.098926 0.072363 0.022461
1 0.867349 0.316035 0.023115 0.415664
1 0.867476 0.696274 0.023213 0.117939
1 0.867383 0.934521 0.022656 0.130957
2 0.867422 0.579663 0.022676 0.114795
0 0.536943 0.228101 0.014258 0.085908
0 0.396040 0.504360 0.086318 0.013760
0 0.182632 0.821333 0.013271 0.100498
0 0.033682 0.820503 0.013887 0.100166
1 0.034033 0.727964 0.013926 0.085576
0 0.024707 0.579326 0.030859 0.113223
0 0.100991 0.500493 0.100791 0.018213
2 0.122285 0.099536 0.060977 0.021670
2 0.208789 0.099961 0.111523 0.023320
2 0.468789 0.098989 0.086602 0.021670
2 0.714038 0.099160 0.115186 0.021660
1 0.316240 0.674814 0.279551 0.023809
1 0.182539 0.727305 0.014023 0.086836
1 0.034199 0.935693 0.014687 0.128613
1 0.115684 0.889839 0.148281 0.014639
1 0.182686 0.877100 0.013730 0.010723
1 0.024146 0.661504 0.029541 0.049004
1 0.004673 0.671123 0.009346 0.029766
