1 0.745073 0.798003 0.119443 0.010127
1 0.882080 0.822852 0.011230 0.286133
1 0.773511 0.879902 0.208740 0.015664
1 0.676396 0.696187 0.014590 0.021865
1 0.676772 0.618481 0.015264 0.021885
1 0.773550 0.615298 0.208564 0.015693
1 0.882505 0.617222 0.010771 0.019209
1 0.919775 0.613374 0.063379 0.011533
1 0.945640 0.558594 0.011260 0.121094
1 0.945938 0.290122 0.010664 0.308369
1 0.945859 0.131436 0.010547 0.010449
1 0.918682 0.131533 0.045371 0.010840
1 0.741831 0.131528 0.055654 0.010850
1 0.604814 0.131597 0.111055 0.010830
1 0.611323 0.240576 0.009951 0.209082
1 0.578975 0.254932 0.054746 0.007715
1 0.578159 0.328813 0.056182 0.006455
1 0.497607 0.241699 0.006738 0.209180
1 0.504165 0.328755 0.005928 0.006143
1 0.497681 0.431284 0.006396 0.057939
1 0.384229 0.413623 0.220215 0.006934
1 0.268501 0.405869 0.011377 0.116387
1 0.268408 0.656885 0.011621 0.098730
1 0.268354 0.787695 0.011143 0.056055
1 0.340820 0.762646 0.135156 0.006934
1 0.491357 0.762725 0.081152 0.006504
1 0.497607 0.638184 0.006934 0.242188
1 0.521240 0.610977 0.040918 0.006934
1 0.403691 0.664521 0.181016 0.006934
1 0.268359 0.905903 0.010742 0.026279
1 0.343472 0.941650 0.010713 0.049121
1 0.310742 0.923145 0.076562 0.011328
1 0.268145 0.923188 0.010352 0.011045
1 0.536230 0.902617 0.010352 0.066172
1 0.536211 0.780903 0.010352 0.042861
1 0.760557 0.225840 0.006465 0.179023
1 0.714009 0.451855 0.006729 0.158984
1 0.741064 0.375635 0.060645 0.006738
1 0.884473 0.375498 0.112500 0.006738
1 0.832930 0.568833 0.006738 0.080244
1 0.335259 0.131250 0.125186 0.011328
1 0.268345 0.169995 0.011240 0.068506
1 0.268232 0.131289 0.010840 0.010742
1 0.611475 0.429644 0.010059 0.054756
1 0.611484 0.553906 0.010059 0.109375
1 0.613838 0.610937 0.015898 0.006504
1 0.799731 0.747573 0.009717 0.111396
1 0.690181 0.786865 0.010537 0.032402
1 0.744580 0.697158 0.120801 0.010527
1 0.676909 0.827881 0.015713 0.119824
2 0.864702 0.129766 0.062314 0.014668
2 0.801582 0.129922 0.063906 0.014668
2 0.687188 0.131284 0.052891 0.012178
2 0.526221 0.131274 0.045605 0.011963
2 0.424839 0.131543 0.053311 0.011328
2 0.267236 0.308301 0.014355 0.077930
2 0.267188 0.236812 0.014355 0.064639
2 0.267119 0.568809 0.014355 0.076875
2 0.266855 0.497319 0.014355 0.066514
2 0.268198 0.733066 0.012236 0.053516
2 0.268247 0.873696 0.010771 0.037705
2 0.268247 0.835254 0.010967 0.038867
2 0.341680 0.983218 0.014355 0.033564
2 0.882407 0.653203 0.010381 0.052578
2 0.945796 0.471143 0.011338 0.053613
1 0.928032 0.439614 0.024502 0.008525
1 0.919429 0.411465 0.007295 0.064824
1 0.663613 0.511611 0.094062 0.011758
1 0.777612 0.600425 0.102881 0.007139
1 0.729536 0.566685 0.006826 0.074229
1 0.721748 0.532227 0.022754 0.005273
1 0.713350 0.568369 0.005957 0.077910
1 0.696460 0.533608 0.027822 0.006318
1 0.685786 0.527046 0.006826 0.019092
0 0.799766 0.375518 0.056699 0.006797
1 0.663833 0.417656 0.093779 0.017559
0 0.611587 0.478076 0.009990 0.041914
0 0.611372 0.373618 0.009932 0.056865
1 0.578647 0.190723 0.054893 0.006270
1 0.578960 0.198721 0.054893 0.005332
1 0.554326 0.194473 0.006152 0.014063
1 0.586396 0.226147 0.007715 0.049326
1 0.600220 0.315366 0.011904 0.006299
1 0.596992 0.318716 0.005449 0.013350
0 0.528667 0.328491 0.043135 0.006475
0 0.497700 0.374302 0.006670 0.055693
0 0.497651 0.488638 0.006826 0.056768
0 0.643389 0.610791 0.043145 0.006543
1 0.667056 0.610884 0.003916 0.006143
0 0.676777 0.657344 0.015371 0.055625
0 0.676772 0.737686 0.015361 0.060723
0 0.429658 0.762666 0.042129 0.006973
2 0.882559 0.983037 0.012246 0.033926
1 0.295537 0.899116 0.043105 0.006670
1 0.313857 0.906582 0.006465 0.021777
