1 0.062920 0.726465 0.023105 0.409375
1 0.402979 0.626270 0.008301 0.158203
1 0.360244 0.739268 0.014082 0.384980
1 0.598760 0.739453 0.014375 0.384375
1 0.592578 0.537559 0.026289 0.022793
1 0.642114 0.536196 0.077803 0.020068
1 0.424854 0.537461 0.142539 0.023086
1 0.062910 0.348340 0.024180 0.119141
1 0.062637 0.088115 0.023633 0.176230
1 0.598071 0.302993 0.196709 0.013799
1 0.694453 0.378218 0.025352 0.013291
0 0.757183 0.378125 0.098916 0.016211
0 0.995703 0.458682 0.008594 0.113848
0 0.730508 0.536348 0.098945 0.022852
0 0.537451 0.537598 0.084668 0.022852
2 0.062588 0.466045 0.022559 0.114160
2 0.062158 0.232373 0.022559 0.114160
2 0.861514 0.940894 0.057852 0.021729
2 0.775693 0.940898 0.112871 0.021719
2 0.534795 0.940674 0.086855 0.022168
2 0.215791 0.941519 0.115430 0.021729
1 0.688887 0.340479 0.014297 0.087988
1 0.492754 0.192500 0.014297 0.385000
1 0.896865 0.192676 0.031230 0.385352
1 0.940742 0.369263 0.118516 0.031689
1 0.845840 0.378540 0.076875 0.013135
1 0.995850 0.377178 0.008301 0.047070
1 0.887109 0.536353 0.214258 0.020557
1 0.995996 0.733345 0.008008 0.435830
1 0.942866 0.940225 0.103135 0.022441
1 0.387183 0.701333 0.039971 0.007959
1 0.380059 0.874888 0.008672 0.114229
1 0.375830 0.822344 0.016621 0.008633
1 0.648379 0.940249 0.142695 0.022764
1 0.382407 0.940137 0.219951 0.023125
1 0.122168 0.940313 0.073242 0.022910
1 0.069824 0.940430 0.036426 0.022793
