1 0.453838 0.979336 0.010059 0.041328
0 0.219653 0.850537 0.050771 0.004355
0 0.340952 0.850537 0.050771 0.004355
0 0.320298 0.939434 0.050771 0.004355
1 0.708423 0.014526 0.084814 0.015967
1 0.743110 0.264014 0.015908 0.514160
1 0.606504 0.438394 0.007969 0.136357
1 0.630239 0.364121 0.079658 0.014531
1 0.299365 0.364082 0.495605 0.015273
1 0.059614 0.619946 0.015791 0.527393
1 0.508765 0.963594 0.119678 0.009922
1 0.440386 0.967676 0.015518 0.064648
1 0.500576 0.949883 0.135918 0.016602
2 0.059619 0.905674 0.015332 0.044082
2 0.692632 0.363896 0.044775 0.015273
0 0.670029 0.906719 0.008105 0.057129
0 0.669067 0.513423 0.056885 0.015576
2 0.568857 0.364399 0.043672 0.014912
0 0.556064 0.513496 0.057480 0.015781
0 0.276328 0.574595 0.015625 0.092607
0 0.428623 0.513618 0.064141 0.015732
0 0.483521 0.621245 0.057744 0.015752
0 0.483428 0.779219 0.056816 0.015547
0 0.440430 0.906685 0.015996 0.057588
0 0.139424 0.939609 0.050762 0.004355
0 0.098525 0.850586 0.050762 0.004355
1 0.451709 0.779268 0.006836 0.015762
1 0.440415 0.765693 0.015596 0.224160
1 0.540244 0.779346 0.056699 0.015527
1 0.560776 0.707568 0.016143 0.159277
1 0.631738 0.621289 0.238672 0.015625
1 0.743076 0.806592 0.015996 0.386816
1 0.249897 0.647344 0.396084 0.015723
1 0.670093 0.967710 0.007900 0.064580
1 0.670000 0.813257 0.008164 0.129639
1 0.386284 0.939453 0.080576 0.004180
1 0.396143 0.850630 0.060254 0.004189
1 0.307705 0.751807 0.004473 0.193066
1 0.280405 0.850547 0.070518 0.003984
1 0.252070 0.930176 0.015996 0.014375
1 0.247007 0.970898 0.004658 0.058203
1 0.229951 0.939570 0.129941 0.004199
1 0.059668 0.963887 0.015234 0.072227
1 0.090474 0.939404 0.046396 0.004199
1 0.070449 0.850615 0.005664 0.004043
1 0.159321 0.850601 0.070596 0.003877
1 0.186572 0.752051 0.004590 0.193750
1 0.983682 0.943022 0.032637 0.015713
1 0.983726 0.622725 0.032549 0.015527
1 0.440200 0.634380 0.015342 0.041807
1 0.443716 0.621152 0.022354 0.015332
1 0.276465 0.630420 0.015430 0.018906
1 0.276431 0.524751 0.015557 0.007178
1 0.272275 0.438525 0.007969 0.137012
1 0.332617 0.513613 0.127930 0.015723
1 0.501904 0.438525 0.008105 0.136426
1 0.494043 0.513604 0.066797 0.015723
1 0.612803 0.513604 0.056465 0.015098
1 0.724111 0.513447 0.054121 0.015723
1 0.732788 0.364082 0.036084 0.015723
1 0.673726 0.011265 0.015928 0.022490
