1 0.439092 0.736851 0.010605 0.019971
1 0.536084 0.036582 0.110020 0.011758
1 0.531318 0.167334 0.011953 0.248926
1 0.590757 0.291079 0.106768 0.006904
1 0.640937 0.281055 0.006680 0.026758
1 0.503452 0.291294 0.043096 0.006416
1 0.375347 0.291318 0.113955 0.006797
1 0.311260 0.202612 0.015391 0.196436
1 0.357134 0.036865 0.098779 0.011035
1 0.313413 0.068262 0.011650 0.073828
1 0.289893 0.100269 0.058691 0.011045
1 0.028516 0.100166 0.057031 0.010742
1 0.047021 0.213525 0.016035 0.217480
1 0.020332 0.312363 0.040039 0.006152
1 0.047046 0.398174 0.015928 0.038730
1 0.318164 0.423887 0.154297 0.015586
1 0.386763 0.451465 0.016104 0.070312
1 0.505518 0.479282 0.254004 0.015205
1 0.624702 0.600098 0.015596 0.257031
1 0.646406 0.732622 0.058594 0.011318
1 0.622910 0.795410 0.011992 0.137305
1 0.606587 0.858286 0.044639 0.011650
1 0.463276 0.858276 0.059541 0.011533
1 0.438975 0.849971 0.010742 0.006445
1 0.910410 0.655762 0.011641 0.165625
1 0.885073 0.732578 0.062334 0.011992
1 0.910742 0.415264 0.011719 0.063184
1 0.910591 0.281836 0.011826 0.097598
1 0.805957 0.281475 0.200586 0.012539
1 0.706455 0.271694 0.006895 0.007256
1 0.670728 0.207559 0.065967 0.006504
1 0.641094 0.210679 0.006641 0.013018
1 0.706338 0.129185 0.006426 0.175947
1 0.670425 0.148662 0.065049 0.007227
1 0.910830 0.068911 0.011543 0.075322
1 0.780469 0.036855 0.272461 0.011328
1 0.286626 0.732666 0.108740 0.010840
1 0.416025 0.732480 0.056738 0.010859
1 0.441636 0.643213 0.006904 0.169238
1 0.558750 0.631533 0.119219 0.006816
1 0.417539 0.561821 0.054766 0.006260
1 0.400991 0.551309 0.006670 0.014336
1 0.251514 0.561812 0.193457 0.006455
1 0.158071 0.580054 0.006377 0.042979
1 0.310278 0.619888 0.060205 0.007158
1 0.277373 0.646558 0.007695 0.162744
1 0.164253 0.732856 0.018525 0.010439
1 0.160698 0.737339 0.011631 0.019326
1 0.158203 0.698682 0.006445 0.057910
1 0.141128 0.858315 0.050947 0.011729
1 0.160723 0.850005 0.011367 0.006650
1 0.306870 0.459219 0.007100 0.055352
1 0.316895 0.483833 0.026953 0.006221
1 0.311162 0.386855 0.015586 0.058906
1 0.391260 0.392432 0.006914 0.047363
1 0.423291 0.372144 0.070957 0.006436
1 0.530122 0.371885 0.055381 0.006035
1 0.549346 0.423179 0.006641 0.096611
1 0.625137 0.420679 0.015156 0.103857
1 0.609136 0.371958 0.016787 0.006201
1 0.092529 0.423711 0.185059 0.015586
1 0.706401 0.306606 0.006553 0.039521
2 0.462373 0.036616 0.037578 0.011514
2 0.425078 0.036768 0.036953 0.011621
1 0.556318 0.071084 0.007227 0.057246
1 0.548696 0.096611 0.022666 0.006152
2 0.617656 0.036729 0.053223 0.011348
2 0.910596 0.205762 0.012012 0.054492
2 0.910815 0.125327 0.011670 0.037236
2 0.910703 0.161279 0.012207 0.034473
2 0.910718 0.357129 0.011729 0.052539
2 0.910708 0.545928 0.011729 0.053770
2 0.910576 0.465620 0.011719 0.037119
2 0.910513 0.501611 0.011729 0.034668
2 0.708145 0.733301 0.064375 0.012500
2 0.797168 0.733984 0.113477 0.015039
2 0.511729 0.858252 0.037480 0.011621
2 0.557256 0.858281 0.053848 0.011621
2 0.437842 0.767529 0.013574 0.041113
2 0.437773 0.817417 0.013574 0.058330
2 0.364395 0.732568 0.046602 0.011035
2 0.202881 0.732812 0.058301 0.010547
2 0.161475 0.764790 0.013574 0.035264
2 0.161572 0.814492 0.013770 0.063789
2 0.021973 0.858472 0.043945 0.011475
2 0.096973 0.858350 0.037109 0.011621
2 0.061206 0.858418 0.034326 0.011621
1 0.417158 0.607764 0.042324 0.006738
1 0.417192 0.620391 0.042002 0.005625
1 0.399414 0.613877 0.006738 0.018945
1 0.426401 0.685889 0.023037 0.007051
1 0.418945 0.704453 0.008672 0.044727
1 0.291533 0.704590 0.006504 0.045000
1 0.288145 0.684653 0.013828 0.005674
1 0.286045 0.590708 0.006270 0.051631
1 0.157295 0.463398 0.006328 0.063496
1 0.172988 0.463281 0.007734 0.062793
1 0.165493 0.492661 0.023193 0.004912
0 0.047222 0.350566 0.016162 0.056465
2 0.091577 0.100239 0.068271 0.010674
2 0.211050 0.100332 0.098857 0.011055
1 0.724653 0.307051 0.006455 0.038438
1 0.718975 0.323262 0.018223 0.006094
0 0.457139 0.291270 0.049414 0.006523
0 0.213047 0.423853 0.055820 0.015576
1 0.376260 0.483887 0.004590 0.006152
0 0.352183 0.483887 0.043369 0.006152
1 0.400986 0.490259 0.006465 0.006650
0 0.400962 0.518848 0.006475 0.050527
0 0.369170 0.561816 0.041699 0.006445
1 0.607017 0.423740 0.005986 0.096914
0 0.579307 0.371743 0.042656 0.006201
0 0.480605 0.372124 0.043418 0.006357
0 0.311323 0.329077 0.015752 0.056533
0 0.706494 0.242666 0.006738 0.050605
0 0.641069 0.242334 0.006826 0.050410
1 0.561187 0.200195 0.047646 0.006836
1 0.561187 0.211421 0.047646 0.006045
1 0.581982 0.205513 0.006348 0.017568
1 0.909629 0.839219 0.013125 0.050605
