1 0.706646 0.729897 0.038643 0.005850
1 0.690850 0.736162 0.007363 0.018359
2 0.731553 0.673154 0.011230 0.052832
2 0.731719 0.533159 0.010840 0.038584
2 0.731826 0.571118 0.010762 0.037256
1 0.686646 0.499956 0.006963 0.022354
1 0.704639 0.507393 0.043262 0.007793
2 0.657842 0.414980 0.013301 0.050586
2 0.658018 0.359258 0.013301 0.060703
2 0.658193 0.298091 0.013301 0.061221
2 0.658154 0.210938 0.013301 0.112500
2 0.628892 0.153027 0.054326 0.014453
1 0.476631 0.124775 0.006465 0.024902
1 0.514902 0.124775 0.006094 0.024902
1 0.495757 0.115127 0.044736 0.005957
2 0.415933 0.152979 0.111963 0.014902
1 0.334458 0.125039 0.005889 0.024102
1 0.344370 0.115928 0.026123 0.005879
1 0.354395 0.124839 0.006074 0.024092
2 0.117114 0.420649 0.011963 0.038467
2 0.117314 0.372251 0.011973 0.057920
2 0.117271 0.311353 0.011943 0.063838
1 0.222593 0.806001 0.102256 0.007881
1 0.270464 0.839502 0.006904 0.074922
1 0.278169 0.874536 0.022275 0.005674
1 0.286768 0.837573 0.005898 0.078369
1 0.301055 0.896401 0.022676 0.006475
1 0.303179 0.872300 0.026533 0.006865
1 0.313804 0.884053 0.005283 0.030781
1 0.349546 0.893184 0.069072 0.012930
0 0.388779 0.927930 0.009785 0.042773
1 0.336694 0.989146 0.093760 0.017412
0 0.571133 0.643711 0.041699 0.005781
2 0.732622 0.837490 0.013975 0.076777
2 0.732725 0.909463 0.014180 0.066426
1 0.071611 0.966514 0.024082 0.007500
1 0.079917 0.981392 0.007197 0.037217
2 0.054316 0.934932 0.010840 0.053320
1 0.219043 0.790820 0.193750 0.014551
1 0.167002 0.838130 0.007324 0.079580
1 0.085879 0.792690 0.074102 0.011553
1 0.117480 0.788887 0.010840 0.019043
1 0.054365 0.847632 0.010840 0.121436
1 0.054258 0.980874 0.010625 0.038252
1 0.388857 0.852271 0.009609 0.108506
1 0.388623 0.974687 0.010078 0.050625
1 0.385664 0.795186 0.016641 0.006113
1 0.286187 0.937671 0.006748 0.124658
2 0.117554 0.752998 0.011182 0.052539
1 0.309800 0.619316 0.011260 0.032578
1 0.323564 0.787280 0.015098 0.021533
1 0.323413 0.710010 0.015576 0.021582
1 0.323413 0.578506 0.014971 0.119805
1 0.226514 0.526353 0.208887 0.015400
1 0.117627 0.583511 0.010840 0.286357
1 0.731548 0.971191 0.011533 0.057617
1 0.616357 0.992690 0.221582 0.007061
1 0.502344 0.972471 0.006445 0.055059
1 0.478574 0.795381 0.040527 0.006836
1 0.502246 0.767920 0.006641 0.242480
1 0.596631 0.741685 0.181934 0.006924
1 0.731660 0.749263 0.011484 0.099346
1 0.463730 0.503721 0.009980 0.065449
1 0.463809 0.625532 0.009980 0.042178
1 0.508965 0.643628 0.082090 0.005908
1 0.659424 0.643506 0.134473 0.006348
1 0.731855 0.618213 0.010840 0.056738
1 0.731792 0.483066 0.011143 0.011328
1 0.731709 0.500601 0.010938 0.026533
1 0.689468 0.482993 0.076338 0.011162
1 0.656885 0.464961 0.011133 0.048809
1 0.536567 0.154448 0.129990 0.011748
1 0.117925 0.154199 0.011299 0.011406
1 0.241265 0.154194 0.237979 0.011709
1 0.117964 0.218975 0.011533 0.121133
1 0.255239 0.608330 0.120439 0.010684
1 0.200200 0.658540 0.010459 0.110850
1 0.255073 0.708955 0.120518 0.010156
0 0.323467 0.668882 0.014902 0.060791
0 0.323452 0.748667 0.015596 0.055596
0 0.356152 0.795215 0.041992 0.006250
1 0.333105 0.795249 0.003906 0.005771
0 0.502246 0.917100 0.006836 0.055449
1 0.518687 0.692334 0.005498 0.091074
1 0.706846 0.741733 0.038242 0.007139
