1 0.540171 0.079492 0.240498 0.013086
1 0.743457 0.249170 0.513086 0.029590
1 0.675713 0.228486 0.029199 0.011816
1 0.501787 0.537061 0.029824 0.545996
1 0.428320 0.799053 0.120703 0.022168
1 0.505308 0.866602 0.022197 0.117578
1 0.675991 0.054028 0.030244 0.107764
1 0.566030 0.914277 0.102412 0.022090
1 0.891401 0.914541 0.203311 0.022266
1 0.933345 0.476318 0.133311 0.013184
1 0.964302 0.464863 0.012803 0.013477
1 0.964258 0.309590 0.012891 0.095547
0 0.675645 0.165176 0.030664 0.113301
0 0.369092 0.079556 0.100957 0.016279
0 0.172681 0.079722 0.085107 0.016279
0 0.964404 0.407617 0.015918 0.099805
2 0.104854 0.798809 0.109434 0.020527
2 0.746948 0.914292 0.087061 0.020186
2 0.209883 0.798760 0.100547 0.020527
2 0.314258 0.798838 0.108203 0.020527
2 0.659868 0.914111 0.087061 0.020176
1 0.121450 0.079448 0.016475 0.012979
1 0.057422 0.082275 0.114844 0.006934
1 0.229248 0.079619 0.026855 0.012441
1 0.234717 0.036523 0.018848 0.073047
1 0.025762 0.798945 0.051523 0.021523
1 0.913330 0.036943 0.173340 0.028145
1 0.060254 0.038428 0.120508 0.007324
1 0.220288 0.261958 0.013154 0.074893
1 0.113525 0.214941 0.227051 0.019043
1 0.116943 0.054639 0.007520 0.039355
1 0.872578 0.687451 0.013281 0.435645
1 0.840640 0.011230 0.027900 0.022461
1 0.280693 0.079663 0.075449 0.012451
