1 0.456470 0.556641 0.037373 0.769531
1 0.329243 0.191177 0.292686 0.037764
1 0.513965 0.188184 0.081250 0.030859
1 0.947725 0.600610 0.075898 0.013018
1 0.759404 0.302715 0.019277 0.204687
1 0.751567 0.950459 0.140420 0.025059
1 0.834912 0.187598 0.330176 0.031250
1 0.006777 0.286055 0.013555 0.273926
1 0.237422 0.971958 0.474844 0.018506
0 0.006499 0.087549 0.012998 0.124336
1 0.998091 0.211406 0.003818 0.015098
0 0.998091 0.270239 0.003818 0.099912
1 0.998325 0.353437 0.003350 0.065000
1 0.955205 0.392246 0.089590 0.012617
1 0.751050 0.973018 0.141475 0.017305
2 0.514277 0.952896 0.082031 0.029717
2 0.618604 0.953193 0.125430 0.029121
1 0.195435 0.388325 0.026865 0.081748
1 0.310068 0.409810 0.255684 0.037412
0 0.006577 0.485381 0.013154 0.123867
0 0.098667 0.191406 0.168818 0.038379
0 0.612236 0.187451 0.114687 0.031543
0 0.656597 0.520464 0.012998 0.100303
2 0.861904 0.952212 0.077012 0.030400
2 0.950767 0.952236 0.098467 0.030352
1 0.829990 0.395259 0.160371 0.019600
1 0.006675 0.742412 0.013350 0.390957
1 0.237627 0.951440 0.475254 0.026221
1 0.006777 0.013213 0.013555 0.026426
1 0.811133 0.764326 0.019727 0.353184
1 0.856250 0.597612 0.108984 0.019814
1 0.900557 0.496377 0.019199 0.221758
1 0.656587 0.585430 0.012607 0.030098
1 0.726338 0.594321 0.152090 0.013428
1 0.656514 0.430615 0.013027 0.078809
1 0.699883 0.398164 0.099766 0.013066
