1 0.182554 0.088735 0.012568 0.047646
1 0.581221 0.913433 0.022480 0.123154
1 0.322354 0.862866 0.540215 0.021924
1 0.064062 0.798242 0.022461 0.151172
1 0.063330 0.421758 0.022480 0.231602
1 0.252866 0.432104 0.359111 0.013623
1 0.162979 0.364619 0.012227 0.121211
1 0.406406 0.392124 0.011719 0.066729
1 0.063135 0.107354 0.021387 0.214258
1 0.185601 0.161035 0.013604 0.105918
1 0.616523 0.143574 0.013652 0.173008
1 0.406519 0.238555 0.011182 0.017539
1 0.773306 0.103701 0.022588 0.185566
1 0.891987 0.103169 0.216025 0.012549
1 0.875166 0.484131 0.249668 0.031934
1 0.773408 0.391162 0.022715 0.160840
1 0.577012 0.660889 0.030938 0.383496
1 0.613525 0.484531 0.044238 0.030137
1 0.567603 0.447363 0.013135 0.043633
1 0.561309 0.431978 0.025723 0.011611
1 0.788843 0.828437 0.018857 0.065078
1 0.889707 0.850488 0.220586 0.018164
1 0.889707 0.648228 0.220586 0.018213
2 0.063574 0.260557 0.022266 0.091328
0 0.406270 0.303125 0.011758 0.110938
1 0.308403 0.030669 0.010264 0.061338
1 0.193701 0.056133 0.239746 0.010547
1 0.131309 0.071533 0.115156 0.012793
1 0.294194 0.105977 0.231553 0.012422
1 0.403896 0.164966 0.012207 0.130908
1 0.417500 0.224746 0.039219 0.011230
1 0.431543 0.200884 0.011621 0.059170
1 0.502456 0.176821 0.153350 0.011338
1 0.573169 0.200942 0.011670 0.059307
1 0.588442 0.224331 0.042412 0.012139
1 0.518091 0.155566 0.182568 0.012031
1 0.433101 0.111089 0.012412 0.100674
1 0.380913 0.067563 0.116475 0.013311
1 0.329146 0.037119 0.012627 0.074238
0 0.616465 0.028442 0.013770 0.056885
0 0.773301 0.005420 0.022480 0.010840
0 0.773208 0.253770 0.022725 0.113594
0 0.490210 0.431982 0.116084 0.012012
0 0.693008 0.483726 0.114629 0.032334
1 0.115649 0.388882 0.081025 0.014775
2 0.063110 0.685151 0.023486 0.074971
2 0.064087 0.593091 0.023369 0.108877
