0 0.473164 0.348896 0.016934 0.100996
2 0.909297 0.978218 0.022578 0.043564
2 0.908877 0.789863 0.022578 0.136367
2 0.856182 0.162012 0.022578 0.115430
2 0.856191 0.422148 0.022578 0.060508
1 0.491934 0.082617 0.007734 0.108965
1 0.514307 0.132988 0.052949 0.008223
1 0.536328 0.083086 0.008984 0.108027
1 0.166094 0.474453 0.332187 0.014180
1 0.339648 0.436519 0.019336 0.086475
1 0.352700 0.274355 0.009619 0.013301
1 0.339341 0.160645 0.019521 0.264453
1 0.433687 0.015967 0.867373 0.030957
2 0.855864 0.508823 0.022588 0.111982
1 0.908828 0.907222 0.022871 0.098350
1 0.892881 0.711250 0.055488 0.023594
1 0.855610 0.629434 0.022549 0.128633
1 0.694385 0.707222 0.345605 0.030264
1 0.536855 0.776465 0.030098 0.168359
1 0.748071 0.928955 0.027412 0.142090
1 0.641826 0.871602 0.239902 0.028359
1 0.536968 0.928711 0.030225 0.142578
1 0.496655 0.706992 0.055889 0.029785
1 0.473408 0.547139 0.013652 0.294277
1 0.652515 0.274297 0.386963 0.013789
1 0.473467 0.288730 0.012754 0.018047
1 0.855986 0.306465 0.022773 0.174336
1 0.856260 0.066807 0.022773 0.077266
0 0.408306 0.274561 0.101377 0.017090
0 0.339731 0.343018 0.021846 0.099512
