0 0.779648 0.378462 0.085039 0.015986
2 0.385757 0.874414 0.113701 0.022266
2 0.850308 0.772632 0.020928 0.113623
2 0.849927 0.440088 0.022119 0.085840
2 0.849585 0.237090 0.022803 0.113828
2 0.902896 0.034468 0.023096 0.068936
0 0.327344 0.449556 0.024453 0.099619
1 0.849775 0.599414 0.022500 0.233398
1 0.753271 0.602993 0.174902 0.008271
1 0.670010 0.530273 0.008711 0.153711
1 0.581201 0.447681 0.184668 0.014014
1 0.478408 0.382627 0.020059 0.144492
1 0.574219 0.595605 0.183203 0.023320
1 0.831631 0.378535 0.018535 0.012930
1 0.475864 0.579087 0.013018 0.054756
1 0.461104 0.600098 0.016016 0.012734
1 0.689248 0.444756 0.035039 0.007910
1 0.721548 0.378657 0.030771 0.013779
1 0.712944 0.410146 0.013975 0.077168
1 0.716182 0.511479 0.007891 0.127998
1 0.776431 0.570913 0.128389 0.009131
1 0.849365 0.857476 0.022266 0.055166
1 0.327363 0.355557 0.022031 0.087520
1 0.322549 0.734033 0.014082 0.262402
1 0.849663 0.345933 0.022549 0.103232
1 0.849209 0.138765 0.022891 0.084717
1 0.886206 0.080278 0.056807 0.022900
1 0.687588 0.083623 0.346113 0.032070
1 0.530078 0.050103 0.031094 0.099111
1 0.641665 0.873496 0.399346 0.023203
1 0.164604 0.873628 0.329209 0.023232
1 0.327090 0.553062 0.022559 0.106182
1 0.344243 0.600020 0.016807 0.013125
0 0.403135 0.600269 0.099434 0.016221
1 0.475479 0.460522 0.013672 0.011182
0 0.475830 0.508203 0.016504 0.085742
