1 0.153296 0.523315 0.087861 0.022217
0 0.483550 0.030220 0.011338 0.060439
2 0.967725 0.789424 0.064551 0.023340
2 0.872295 0.789434 0.126113 0.022695
2 0.694321 0.616519 0.027314 0.130244
2 0.694111 0.719888 0.027344 0.075713
2 0.522534 0.525688 0.132373 0.027334
2 0.326699 0.525684 0.259062 0.027344
2 0.120513 0.031885 0.022256 0.063770
1 0.233818 0.143594 0.012070 0.036758
1 0.186069 0.131689 0.107061 0.012695
1 0.695884 0.276177 0.023506 0.552354
1 0.696133 0.779990 0.023613 0.043848
1 0.746724 0.789839 0.124795 0.023037
1 0.796958 0.079668 0.179678 0.011680
1 0.880415 0.043047 0.012705 0.084922
1 0.156421 0.790312 0.093115 0.021016
1 0.120732 0.299277 0.022227 0.470195
1 0.309863 0.168354 0.358594 0.012236
1 0.483545 0.117715 0.011230 0.114141
1 0.636113 0.523511 0.095117 0.022139
