0 0.796455 0.482900 0.085996 0.017031
0 0.600229 0.483018 0.101416 0.017031
0 0.294263 0.568262 0.032627 0.115625
0 0.096670 0.792241 0.016348 0.100049
2 0.211567 0.069727 0.136045 0.023828
2 0.799097 0.068745 0.086182 0.022256
1 0.124683 0.069043 0.035498 0.021289
1 0.053369 0.068896 0.106738 0.021582
1 0.071250 0.230215 0.142500 0.027363
1 0.128809 0.335269 0.027344 0.237471
1 0.071094 0.440049 0.142188 0.027051
1 0.293945 0.284668 0.028516 0.453125
1 0.371333 0.069214 0.126865 0.021924
1 0.681914 0.068701 0.148281 0.021973
1 0.978003 0.068701 0.043994 0.021387
1 0.898618 0.068994 0.113838 0.022363
1 0.984912 0.539844 0.030176 0.920312
1 0.467773 0.818735 0.029688 0.361104
1 0.293784 0.632153 0.028779 0.011885
1 0.096479 0.704219 0.012705 0.074883
1 0.428735 0.482910 0.241260 0.012695
1 0.702207 0.483003 0.101680 0.012646
2 0.564663 0.069331 0.085771 0.022256
1 0.735010 0.278076 0.018848 0.396777
1 0.909790 0.441934 0.121143 0.007695
1 0.852788 0.461602 0.007139 0.030957
1 0.913394 0.485669 0.113701 0.006885
1 0.848223 0.483154 0.016309 0.011719
1 0.850796 0.618403 0.238115 0.018838
1 0.738203 0.665493 0.013477 0.074678
1 0.096548 0.921362 0.012959 0.157275
1 0.044819 0.879687 0.089639 0.013477
1 0.241001 0.651812 0.482002 0.029482
2 0.478901 0.069375 0.085771 0.022266
