2 0.685000 0.105640 0.108437 0.022764
0 0.406865 0.617729 0.114805 0.029795
1 0.465576 0.271538 0.010566 0.309072
0 0.490420 0.538369 0.010957 0.099883
1 0.159775 0.241880 0.033203 0.012412
2 0.777173 0.106274 0.074971 0.023838
1 0.297729 0.886953 0.017881 0.062422
1 0.187935 0.909067 0.237412 0.018818
1 0.078481 0.808203 0.018506 0.219922
1 0.188672 0.707617 0.238555 0.018750
1 0.490674 0.596167 0.011504 0.015576
1 0.872705 0.106143 0.115918 0.023320
1 0.507217 0.105776 0.246855 0.022256
1 0.490430 0.302490 0.010937 0.371973
1 0.919751 0.955850 0.021924 0.088301
1 0.687979 0.935571 0.446699 0.029170
1 0.490381 0.975146 0.011914 0.049707
1 0.414395 0.343437 0.092383 0.012148
1 0.420039 0.431621 0.128867 0.010508
1 0.920156 0.368677 0.021602 0.546729
1 0.138770 0.105908 0.277539 0.022559
1 0.136841 0.251289 0.012627 0.271094
2 0.919917 0.855615 0.021416 0.111816
2 0.919888 0.720850 0.021631 0.157324
0 0.407358 0.935532 0.113936 0.029072
1 0.138975 0.432178 0.207246 0.010742
1 0.041265 0.410469 0.011240 0.054141
1 0.089648 0.388706 0.107617 0.010850
1 0.139048 0.395200 0.010146 0.016025
1 0.189790 0.397939 0.111631 0.010957
1 0.239175 0.409590 0.013154 0.034219
1 0.250415 0.431855 0.014990 0.011152
0 0.306841 0.431777 0.097471 0.011055
2 0.330571 0.105586 0.105674 0.022227
1 0.275635 0.130718 0.012344 0.026475
1 0.223608 0.138037 0.116162 0.011270
1 0.170708 0.190205 0.011338 0.115684
1 0.687988 0.617437 0.447070 0.028818
1 0.313491 0.617847 0.071807 0.028955
1 0.292700 0.648716 0.030225 0.090693
1 0.172021 0.680547 0.271191 0.029141
1 0.042607 0.628936 0.012754 0.074551
1 0.051387 0.832764 0.030234 0.334473
1 0.207832 0.936187 0.284219 0.028975
