1 0.886333 0.520171 0.056182 0.022939
1 0.849639 0.709805 0.022930 0.078828
1 0.849385 0.931475 0.023223 0.137051
1 0.504590 0.958135 0.674180 0.030742
1 0.177856 0.984834 0.022646 0.030332
1 0.084707 0.954395 0.169414 0.023828
2 0.850244 0.628086 0.021719 0.085273
2 0.850244 0.806519 0.021719 0.114795
2 0.902812 0.033223 0.022422 0.066445
2 0.902793 0.224004 0.021719 0.125176
2 0.902607 0.445981 0.021719 0.125166
1 0.887187 0.327939 0.012129 0.015801
0 0.823872 0.327783 0.115518 0.018457
0 0.710669 0.515674 0.085791 0.016504
0 0.577983 0.515967 0.085654 0.015332
0 0.442988 0.694775 0.100625 0.015527
0 0.373574 0.626577 0.014551 0.099912
0 0.373291 0.447417 0.014551 0.099912
1 0.449106 0.872891 0.014131 0.104063
1 0.503545 0.929771 0.333652 0.009287
1 0.666450 0.916641 0.007842 0.035469
1 0.751660 0.903481 0.178711 0.008994
1 0.902847 0.335054 0.022764 0.099014
1 0.902476 0.113687 0.023135 0.095283
1 0.760542 0.327930 0.011182 0.016055
1 0.741113 0.205640 0.028516 0.259229
1 0.635571 0.091201 0.241748 0.029941
1 0.530049 0.206118 0.030703 0.258330
1 0.530073 0.040229 0.030654 0.080459
1 0.159082 0.181396 0.318164 0.014941
1 0.371899 0.181538 0.071963 0.014072
1 0.327031 0.253340 0.022930 0.157656
1 0.371470 0.325571 0.072236 0.013760
1 0.373330 0.363564 0.013477 0.067363
1 0.373184 0.536792 0.014141 0.078584
1 0.183008 0.515625 0.366016 0.015586
1 0.327324 0.817344 0.023066 0.257891
1 0.373418 0.682964 0.013496 0.012842
1 0.365151 0.694868 0.057979 0.014170
1 0.529702 0.515557 0.009756 0.013926
1 0.514746 0.598545 0.020898 0.179844
1 0.563818 0.694873 0.140332 0.013770
1 0.629932 0.604985 0.008887 0.166963
1 0.652158 0.600547 0.008887 0.157188
1 0.644834 0.515513 0.048398 0.012881
1 0.734971 0.697329 0.206484 0.008916
1 0.743408 0.674473 0.190488 0.008437
1 0.797471 0.516016 0.087129 0.012891
1 0.849644 0.547261 0.023506 0.076533
