1 0.190601 0.198779 0.015186 0.065137
1 0.218799 0.162080 0.072168 0.011660
1 0.522598 0.162061 0.353008 0.011582
1 0.578418 0.192607 0.005859 0.050566
1 0.578423 0.284766 0.005850 0.048633
1 0.607617 0.312100 0.180859 0.007051
1 0.520732 0.367197 0.006895 0.116973
1 0.502144 0.422559 0.044326 0.006543
1 0.433140 0.292310 0.136260 0.014912
1 0.493086 0.235063 0.015781 0.129893
1 0.424810 0.278491 0.119736 0.009521
1 0.479595 0.227319 0.010615 0.111865
1 0.424922 0.177168 0.119961 0.011484
1 0.370171 0.188247 0.010127 0.033584
1 0.190381 0.458037 0.015586 0.340957
1 0.281689 0.620776 0.197754 0.015361
1 0.372803 0.558984 0.015723 0.138867
1 0.219551 0.880156 0.073477 0.011172
1 0.777148 0.162280 0.049355 0.011904
1 0.520605 0.542236 0.007031 0.089941
1 0.502686 0.500581 0.042676 0.006533
1 0.407715 0.422793 0.057422 0.006543
1 0.372803 0.359458 0.015723 0.149385
1 0.433711 0.767695 0.053672 0.005957
1 0.535601 0.699082 0.051084 0.006367
1 0.564731 0.785791 0.006807 0.179785
1 0.630029 0.880312 0.236035 0.011797
1 0.742222 0.863896 0.011650 0.044316
1 0.742236 0.622100 0.011230 0.049160
1 0.606294 0.592700 0.300498 0.011729
1 0.458926 0.601929 0.006152 0.008311
1 0.458691 0.675684 0.006055 0.040820
1 0.424121 0.699072 0.087109 0.005957
1 0.377148 0.705029 0.006445 0.038770
1 0.385645 0.721191 0.023242 0.006445
1 0.394258 0.796724 0.005859 0.157705
1 0.403608 0.880449 0.112393 0.011484
1 0.188872 0.756250 0.011533 0.259375
1 0.021338 0.618818 0.042676 0.011582
1 0.062725 0.366006 0.125449 0.006406
1 0.062646 0.298926 0.030762 0.011719
1 0.097974 0.296265 0.041514 0.006748
1 0.117886 0.220044 0.131279 0.006396
1 0.188408 0.083789 0.011816 0.167578
1 0.509683 0.330439 0.015146 0.008477
1 0.444775 0.312300 0.128223 0.009717
1 0.521650 0.238047 0.006680 0.141133
2 0.333154 0.160112 0.026211 0.015928
2 0.287500 0.160117 0.064844 0.015703
0 0.190518 0.259619 0.015625 0.055957
0 0.026392 0.220166 0.051670 0.006543
1 0.002441 0.298867 0.004883 0.011426
0 0.026016 0.299014 0.042266 0.011719
1 0.065283 0.333799 0.026270 0.057656
2 0.061621 0.618975 0.037500 0.011719
2 0.107397 0.619043 0.054248 0.011719
2 0.725737 0.162158 0.053018 0.011816
2 0.819673 0.162256 0.035654 0.012012
2 0.856587 0.162207 0.038193 0.012109
2 0.876162 0.183750 0.011914 0.031758
2 0.876064 0.225747 0.011914 0.052080
2 0.875908 0.278906 0.011914 0.053906
2 0.875957 0.394321 0.011914 0.037080
2 0.875791 0.442881 0.011914 0.059590
2 0.875781 0.504292 0.011914 0.062959
2 0.840605 0.593799 0.038516 0.014160
2 0.788994 0.593799 0.064395 0.014160
2 0.743398 0.776606 0.013965 0.130166
2 0.743506 0.679053 0.013965 0.064551
2 0.486128 0.880537 0.052158 0.011523
2 0.320391 0.880361 0.053672 0.011523
2 0.274932 0.880273 0.036660 0.011523
1 0.505269 0.321226 0.007021 0.027568
0 0.458262 0.422832 0.043555 0.006602
0 0.372754 0.461777 0.015820 0.055176
0 0.458936 0.630615 0.006152 0.049023
0 0.488809 0.699214 0.042031 0.006240
1 0.552451 0.847412 0.018047 0.053594
1 0.405503 0.788320 0.007842 0.171602
1 0.377334 0.632339 0.006543 0.007529
0 0.377334 0.660850 0.006738 0.049316
0 0.150918 0.366128 0.050820 0.006475
1 0.179565 0.366094 0.006104 0.006738
0 0.578418 0.239150 0.005859 0.042285
1 0.159292 0.619038 0.049912 0.011533
1 0.875054 0.861816 0.011748 0.048047
1 0.870811 0.592661 0.021484 0.011650
1 0.875635 0.567139 0.011816 0.062402
1 0.875830 0.340723 0.011426 0.069336
