0 0.605640 0.800459 0.030068 0.114336
1 0.286265 0.912056 0.256377 0.028350
1 0.668906 0.078032 0.108613 0.024033
1 0.711523 0.092231 0.023691 0.052275
1 0.715254 0.421289 0.031406 0.610547
1 0.365430 0.711475 0.730859 0.030566
1 0.605645 0.733779 0.029570 0.018555
1 0.011255 0.731211 0.022510 0.012773
1 0.766831 0.721157 0.076689 0.013604
1 0.327339 0.077588 0.234111 0.023926
1 0.019873 0.077935 0.039746 0.023232
1 0.373032 0.298682 0.015088 0.423535
1 0.253228 0.503115 0.254697 0.014824
1 0.148145 0.514766 0.012852 0.013613
1 0.012354 0.502959 0.024707 0.013730
1 0.605254 0.929028 0.030430 0.141943
1 0.725293 0.879189 0.213086 0.019961
1 0.966089 0.878916 0.067822 0.019512
1 0.918335 0.721328 0.024854 0.013594
1 0.923848 0.683643 0.014219 0.088965
1 0.958364 0.646191 0.083271 0.014023
1 0.807085 0.127124 0.158760 0.023408
1 0.172534 0.948877 0.029033 0.102246
1 0.011572 0.925977 0.023145 0.148047
0 0.855425 0.721406 0.100537 0.013301
2 0.973115 0.126968 0.053770 0.022100
2 0.915752 0.127397 0.060879 0.022100
2 0.486553 0.077529 0.085293 0.022109
2 0.572788 0.078022 0.085225 0.022100
2 0.084082 0.078022 0.088672 0.022100
2 0.169326 0.078149 0.081309 0.022100
0 0.075444 0.502803 0.101025 0.014199
0 0.147964 0.571753 0.013682 0.099912
1 0.147710 0.658994 0.013213 0.074961
0 0.882139 0.879741 0.099785 0.018818
