1 0.736851 0.439092 0.019971 0.010605
1 0.036582 0.536084 0.011758 0.110020
1 0.167334 0.531318 0.248926 0.011953
1 0.291079 0.590757 0.006904 0.106768
1 0.281055 0.640937 0.026758 0.006680
1 0.291294 0.503452 0.006416 0.043096
1 0.291318 0.375347 0.006797 0.113955
1 0.202612 0.311260 0.196436 0.015391
1 0.036865 0.357134 0.011035 0.098779
1 0.068262 0.313413 0.073828 0.011650
1 0.100269 0.289893 0.011045 0.058691
1 0.100166 0.028516 0.010742 0.057031
1 0.213525 0.047021 0.217480 0.016035
1 0.312363 0.020332 0.006152 0.040039
1 0.398174 0.047046 0.038730 0.015928
1 0.423887 0.318164 0.015586 0.154297
1 0.451465 0.386763 0.070312 0.016104
1 0.479282 0.505518 0.015205 0.254004
1 0.600098 0.624702 0.257031 0.015596
1 0.732622 0.646406 0.011318 0.058594
1 0.795410 0.622910 0.137305 0.011992
1 0.858286 0.606587 0.011650 0.044639
1 0.858276 0.463276 0.011533 0.059541
1 0.849971 0.438975 0.006445 0.010742
1 0.655762 0.910410 0.165625 0.011641
1 0.732578 0.885073 0.011992 0.062334
1 0.415264 0.910742 0.063184 0.011719
1 0.281836 0.910591 0.097598 0.011826
1 0.281475 0.805957 0.012539 0.200586
1 0.271694 0.706455 0.007256 0.006895
1 0.207559 0.670728 0.006504 0.065967
1 0.210679 0.641094 0.013018 0.006641
1 0.129185 0.706338 0.175947 0.006426
1 0.148662 0.670425 0.007227 0.065049
1 0.068911 0.910830 0.075322 0.011543
1 0.036855 0.780469 0.011328 0.272461
1 0.732666 0.286626 0.010840 0.108740
1 0.732480 0.416025 0.010859 0.056738
1 0.643213 0.441636 0.169238 0.006904
1 0.631533 0.558750 0.006816 0.119219
1 0.561821 0.417539 0.006260 0.054766
1 0.551309 0.400991 0.014336 0.006670
1 0.561812 0.251514 0.006455 0.193457
1 0.580054 0.158071 0.042979 0.006377
1 0.619888 0.310278 0.007158 0.060205
1 0.646558 0.277373 0.162744 0.007695
1 0.732856 0.164253 0.010439 0.018525
1 0.737339 0.160698 0.019326 0.011631
1 0.698682 0.158203 0.057910 0.006445
1 0.858315 0.141128 0.011729 0.050947
1 0.850005 0.160723 0.006650 0.011367
1 0.459219 0.306870 0.055352 0.007100
1 0.483833 0.316895 0.006221 0.026953
1 0.386855 0.311162 0.058906 0.015586
1 0.392432 0.391260 0.047363 0.006914
1 0.372144 0.423291 0.006436 0.070957
1 0.371885 0.530122 0.006035 0.055381
1 0.423179 0.549346 0.096611 0.006641
1 0.420679 0.625137 0.103857 0.015156
1 0.371958 0.609136 0.006201 0.016787
1 0.423711 0.092529 0.015586 0.185059
1 0.306606 0.706401 0.039521 0.006553
2 0.036616 0.462373 0.011514 0.037578
2 0.036768 0.425078 0.011621 0.036953
1 0.071084 0.556318 0.057246 0.007227
1 0.096611 0.548696 0.006152 0.022666
2 0.036729 0.617656 0.011348 0.053223
2 0.205762 0.910596 0.054492 0.012012
2 0.125327 0.910815 0.037236 0.011670
2 0.161279 0.910703 0.034473 0.012207
2 0.357129 0.910718 0.052539 0.011729
2 0.545928 0.910708 0.053770 0.011729
2 0.465620 0.910576 0.037119 0.011719
2 0.501611 0.910513 0.034668 0.011729
2 0.733301 0.708145 0.012500 0.064375
2 0.733984 0.797168 0.015039 0.113477
2 0.858252 0.511729 0.011621 0.037480
2 0.858281 0.557256 0.011621 0.053848
2 0.767529 0.437842 0.041113 0.013574
2 0.817417 0.437773 0.058330 0.013574
2 0.732568 0.364395 0.011035 0.046602
2 0.732812 0.202881 0.010547 0.058301
2 0.764790 0.161475 0.035264 0.013574
2 0.814492 0.161572 0.063789 0.013770
2 0.858472 0.021973 0.011475 0.043945
2 0.858350 0.096973 0.011621 0.037109
2 0.858418 0.061206 0.011621 0.034326
1 0.607764 0.417158 0.006738 0.042324
1 0.620391 0.417192 0.005625 0.042002
1 0.613877 0.399414 0.018945 0.006738
1 0.685889 0.426401 0.007051 0.023037
1 0.704453 0.418945 0.044727 0.008672
1 0.704590 0.291533 0.045000 0.006504
1 0.684653 0.288145 0.005674 0.013828
1 0.590708 0.286045 0.051631 0.006270
1 0.463398 0.157295 0.063496 0.006328
1 0.463281 0.172988 0.062793 0.007734
1 0.492661 0.165493 0.004912 0.023193
0 0.350566 0.047222 0.056465 0.016162
2 0.100239 0.091577 0.010674 0.068271
2 0.100332 0.211050 0.011055 0.098857
1 0.307051 0.724653 0.038438 0.006455
1 0.323262 0.718975 0.006094 0.018223
0 0.291270 0.457139 0.006523 0.049414
0 0.423853 0.213047 0.015576 0.055820
1 0.483887 0.376260 0.006152 0.004590
0 0.483887 0.352183 0.006152 0.043369
1 0.490259 0.400986 0.006650 0.006465
0 0.518848 0.400962 0.050527 0.006475
0 0.561816 0.369170 0.006445 0.041699
1 0.423740 0.607017 0.096914 0.005986
0 0.371743 0.579307 0.006201 0.042656
0 0.372124 0.480605 0.006357 0.043418
0 0.329077 0.311323 0.056533 0.015752
0 0.242666 0.706494 0.050605 0.006738
0 0.242334 0.641069 0.050410 0.006826
1 0.200195 0.561187 0.006836 0.047646
1 0.211421 0.561187 0.006045 0.047646
1 0.205513 0.581982 0.017568 0.006348
1 0.839219 0.909629 0.050605 0.013125
