1 0.785967 0.353491 0.022402 0.060908
0 0.325288 0.927891 0.101807 0.014570
0 0.325015 0.777876 0.100127 0.013252
0 0.091069 0.664756 0.112861 0.028633
0 0.007217 0.982925 0.014434 0.034150
0 0.007290 0.740649 0.014287 0.100596
0 0.325205 0.057373 0.100527 0.014551
0 0.083052 0.067158 0.113721 0.029863
1 0.872666 0.027437 0.022676 0.054873
1 0.839492 0.063579 0.089375 0.022705
1 0.786035 0.652935 0.022266 0.080088
1 0.839453 0.681328 0.089063 0.022891
1 0.872793 0.707339 0.022754 0.034658
1 0.872422 0.868799 0.022578 0.060391
1 0.581836 0.687446 0.390625 0.014365
1 0.393677 0.807412 0.014170 0.254512
1 0.381147 0.777783 0.011025 0.012773
1 0.381147 0.927812 0.010615 0.013672
1 0.231118 0.927959 0.086748 0.013555
1 0.231274 0.777979 0.087256 0.013379
1 0.012979 0.067017 0.025957 0.029580
1 0.178950 0.961177 0.022568 0.077646
1 0.007974 0.878394 0.013350 0.174111
1 0.178843 0.730703 0.022471 0.106719
1 0.154180 0.664658 0.011348 0.029355
1 0.017085 0.664854 0.034170 0.029668
1 0.007695 0.684136 0.013008 0.012861
2 0.872710 0.949131 0.022822 0.101738
2 0.872710 0.781670 0.022822 0.115762
2 0.785972 0.569731 0.022822 0.086143
2 0.785972 0.483979 0.022822 0.086143
2 0.786157 0.280718 0.022822 0.085439
1 0.175039 0.365967 0.030391 0.626855
1 0.165132 0.067026 0.049404 0.029561
1 0.231445 0.057588 0.086895 0.013926
1 0.393691 0.025000 0.014375 0.050000
1 0.576436 0.057544 0.401309 0.014756
1 0.786152 0.101943 0.022695 0.099434
2 0.786147 0.194932 0.022822 0.086152
1 0.493701 0.396211 0.607129 0.030430
1 0.785889 0.425234 0.022559 0.032539
