1 0.635596 0.854282 0.012207 0.127373
1 0.501299 0.841851 0.260801 0.015596
1 0.378223 0.722554 0.015234 0.254092
1 0.317930 0.603223 0.135859 0.015625
1 0.246841 0.572109 0.037666 0.015430
1 0.257964 0.587837 0.015732 0.046592
1 0.382891 0.577217 0.005898 0.036465
1 0.335171 0.389365 0.007061 0.134746
1 0.195884 0.435229 0.047607 0.006475
1 0.193613 0.479053 0.063008 0.006348
1 0.158882 0.413965 0.006494 0.184180
1 0.150728 0.316387 0.123213 0.011367
1 0.395425 0.316475 0.260127 0.012051
1 0.519985 0.336396 0.010986 0.051914
1 0.519971 0.545840 0.011230 0.044980
1 0.524229 0.562959 0.019727 0.010645
1 0.635698 0.593857 0.011650 0.072480
1 0.633076 0.563096 0.016836 0.011113
1 0.617871 0.316650 0.048047 0.012598
1 0.299614 0.731436 0.142354 0.015449
1 0.309751 0.617109 0.119365 0.010117
1 0.323516 0.384082 0.015957 0.007207
1 0.364785 0.667578 0.009648 0.110742
1 0.158779 0.560937 0.006543 0.006152
0 0.158843 0.531919 0.006650 0.051807
0 0.200771 0.572109 0.054609 0.015273
0 0.337695 0.935039 0.042656 0.006504
1 0.259917 0.969102 0.006143 0.061797
1 0.281211 0.969102 0.006094 0.061797
0 0.190352 0.934844 0.042598 0.006094
0 0.158945 0.837622 0.006348 0.056572
0 0.199639 0.731338 0.057480 0.015254
1 0.406714 0.858442 0.099775 0.007842
1 0.360132 0.800884 0.006611 0.122959
1 0.479155 0.865410 0.024717 0.006895
1 0.468979 0.934165 0.010889 0.006572
1 0.470625 0.900254 0.006934 0.075117
1 0.487666 0.859063 0.007617 0.018867
1 0.585493 0.864307 0.087861 0.006934
1 0.545024 0.858882 0.006201 0.017783
2 0.635420 0.944043 0.012305 0.052148
2 0.635605 0.648867 0.012305 0.037227
2 0.635654 0.697471 0.012305 0.059785
2 0.635645 0.759082 0.012305 0.062891
2 0.546709 0.561978 0.024863 0.014717
2 0.592041 0.561855 0.064941 0.014531
2 0.521240 0.475576 0.013770 0.094746
2 0.520947 0.395146 0.013770 0.064980
1 0.309839 0.717949 0.119189 0.010117
1 0.254966 0.706733 0.009795 0.032900
1 0.319243 0.358076 0.007412 0.059238
1 0.293027 0.331987 0.059453 0.006924
1 0.266631 0.329053 0.006309 0.013184
1 0.308828 0.462314 0.055840 0.007051
1 0.284429 0.470586 0.007588 0.024121
1 0.333906 0.479116 0.106543 0.007061
1 0.383916 0.468765 0.006484 0.027939
1 0.359312 0.458135 0.055693 0.007090
1 0.278447 0.479209 0.004687 0.006836
0 0.250586 0.479185 0.050684 0.006475
1 0.171689 0.399502 0.006719 0.153262
2 0.061421 0.316533 0.054893 0.011914
2 0.016904 0.316543 0.033809 0.011914
2 0.238960 0.316543 0.052744 0.011914
1 0.086699 0.572095 0.173398 0.015811
1 0.085469 0.731440 0.170937 0.015439
1 0.158901 0.773975 0.006279 0.070527
1 0.158779 0.933008 0.005957 0.133984
1 0.165410 0.934897 0.007187 0.006182
1 0.263940 0.934932 0.104463 0.006113
1 0.365239 0.935005 0.012256 0.006201
1 0.376650 0.965874 0.011504 0.068252
1 0.340342 0.858906 0.038496 0.006777
1 0.459663 0.924189 0.007139 0.151621
1 0.635645 0.985190 0.011660 0.029619
