0 0.651104 0.473164 0.100996 0.016934
2 0.021782 0.909297 0.043564 0.022578
2 0.210137 0.908877 0.136367 0.022578
2 0.837988 0.856182 0.115430 0.022578
2 0.577852 0.856191 0.060508 0.022578
1 0.917383 0.491934 0.108965 0.007734
1 0.867012 0.514307 0.008223 0.052949
1 0.916914 0.536328 0.108027 0.008984
1 0.525547 0.166094 0.014180 0.332187
1 0.563481 0.339648 0.086475 0.019336
1 0.725645 0.352700 0.013301 0.009619
1 0.839355 0.339341 0.264453 0.019521
1 0.984033 0.433687 0.030957 0.867373
2 0.491177 0.855864 0.111982 0.022588
1 0.092778 0.908828 0.098350 0.022871
1 0.288750 0.892881 0.023594 0.055488
1 0.370566 0.855610 0.128633 0.022549
1 0.292778 0.694385 0.030264 0.345605
1 0.223535 0.536855 0.168359 0.030098
1 0.071045 0.748071 0.142090 0.027412
1 0.128398 0.641826 0.028359 0.239902
1 0.071289 0.536968 0.142578 0.030225
1 0.293008 0.496655 0.029785 0.055889
1 0.452861 0.473408 0.294277 0.013652
1 0.725703 0.652515 0.013789 0.386963
1 0.711270 0.473467 0.018047 0.012754
1 0.693535 0.855986 0.174336 0.022773
1 0.933193 0.856260 0.077266 0.022773
0 0.725439 0.408306 0.017090 0.101377
0 0.656982 0.339731 0.099512 0.021846
