1 0.433428 0.617896 0.078770 0.012939
1 0.400850 0.585986 0.013438 0.076855
1 0.305742 0.540000 0.204492 0.020156
1 0.398120 0.456650 0.019736 0.186016
1 0.499512 0.373721 0.221680 0.019316
1 0.600513 0.415293 0.019736 0.102461
1 0.770547 0.456440 0.359062 0.019326
1 0.960088 0.456240 0.026230 0.278926
1 0.960044 0.085015 0.026338 0.055518
1 0.761348 0.070586 0.423789 0.026660
1 0.313071 0.070835 0.318330 0.026494
1 0.012988 0.070005 0.025977 0.024834
1 0.190781 0.122563 0.030430 0.081553
1 0.770815 0.049834 0.438838 0.020566
1 0.981431 0.075918 0.019170 0.071953
1 0.313052 0.050342 0.317100 0.020801
1 0.012915 0.050059 0.025830 0.020234
0 0.190894 0.696787 0.030635 0.115449
0 0.523218 0.617734 0.100439 0.012578
0 0.273037 0.295718 0.100547 0.012666
2 0.961968 0.760596 0.029854 0.078613
2 0.961899 0.658110 0.030381 0.126025
1 0.578032 0.850425 0.742568 0.020420
0 0.191372 0.934131 0.031084 0.114746
1 0.191704 0.995737 0.030264 0.008525
1 0.002314 0.996768 0.004629 0.006465
0 0.002656 0.934731 0.005313 0.113486
0 0.003687 0.688154 0.007373 0.114180
1 0.003003 0.811958 0.006006 0.130674
0 0.003018 0.220288 0.006035 0.112334
1 0.003198 0.452417 0.006396 0.350811
1 0.003032 0.123467 0.006064 0.080840
0 0.089585 0.067588 0.127803 0.030918
0 0.190742 0.219355 0.030254 0.114863
2 0.511182 0.070107 0.079785 0.035078
2 0.961929 0.254268 0.029795 0.122793
2 0.962441 0.151489 0.029805 0.080615
1 0.981338 0.895068 0.019355 0.190332
1 0.980000 0.455898 0.020156 0.277070
1 0.588672 0.617583 0.030605 0.012471
1 0.597397 0.544834 0.013604 0.157891
1 0.190996 0.815112 0.031094 0.122432
1 0.959741 0.895859 0.026240 0.190449
1 0.213926 0.295459 0.017793 0.012676
1 0.603730 0.326367 0.013770 0.075332
1 0.362446 0.295464 0.078408 0.012959
1 0.395249 0.326943 0.012803 0.076348
1 0.190791 0.458833 0.030664 0.361416
