1 0.979336 0.453838 0.041328 0.010059
0 0.850537 0.219653 0.004355 0.050771
0 0.850537 0.340952 0.004355 0.050771
0 0.939434 0.320298 0.004355 0.050771
1 0.014526 0.708423 0.015967 0.084814
1 0.264014 0.743110 0.514160 0.015908
1 0.438394 0.606504 0.136357 0.007969
1 0.364121 0.630239 0.014531 0.079658
1 0.364082 0.299365 0.015273 0.495605
1 0.619946 0.059614 0.527393 0.015791
1 0.963594 0.508765 0.009922 0.119678
1 0.967676 0.440386 0.064648 0.015518
1 0.949883 0.500576 0.016602 0.135918
2 0.905674 0.059619 0.044082 0.015332
2 0.363896 0.692632 0.015273 0.044775
0 0.906719 0.670029 0.057129 0.008105
0 0.513423 0.669067 0.015576 0.056885
2 0.364399 0.568857 0.014912 0.043672
0 0.513496 0.556064 0.015781 0.057480
0 0.574595 0.276328 0.092607 0.015625
0 0.513618 0.428623 0.015732 0.064141
0 0.621245 0.483521 0.015752 0.057744
0 0.779219 0.483428 0.015547 0.056816
0 0.906685 0.440430 0.057588 0.015996
0 0.939609 0.139424 0.004355 0.050762
0 0.850586 0.098525 0.004355 0.050762
1 0.779268 0.451709 0.015762 0.006836
1 0.765693 0.440415 0.224160 0.015596
1 0.779346 0.540244 0.015527 0.056699
1 0.707568 0.560776 0.159277 0.016143
1 0.621289 0.631738 0.015625 0.238672
1 0.806592 0.743076 0.386816 0.015996
1 0.647344 0.249897 0.015723 0.396084
1 0.967710 0.670093 0.064580 0.007900
1 0.813257 0.670000 0.129639 0.008164
1 0.939453 0.386284 0.004180 0.080576
1 0.850630 0.396143 0.004189 0.060254
1 0.751807 0.307705 0.193066 0.004473
1 0.850547 0.280405 0.003984 0.070518
1 0.930176 0.252070 0.014375 0.015996
1 0.970898 0.247007 0.058203 0.004658
1 0.939570 0.229951 0.004199 0.129941
1 0.963887 0.059668 0.072227 0.015234
1 0.939404 0.090474 0.004199 0.046396
1 0.850615 0.070449 0.004043 0.005664
1 0.850601 0.159321 0.003877 0.070596
1 0.752051 0.186572 0.193750 0.004590
1 0.943022 0.983682 0.015713 0.032637
1 0.622725 0.983726 0.015527 0.032549
1 0.634380 0.440200 0.041807 0.015342
1 0.621152 0.443716 0.015332 0.022354
1 0.630420 0.276465 0.018906 0.015430
1 0.524751 0.276431 0.007178 0.015557
1 0.438525 0.272275 0.137012 0.007969
1 0.513613 0.332617 0.015723 0.127930
1 0.438525 0.501904 0.136426 0.008105
1 0.513604 0.494043 0.015723 0.066797
1 0.513604 0.612803 0.015098 0.056465
1 0.513447 0.724111 0.015723 0.054121
1 0.364082 0.732788 0.015723 0.036084
1 0.011265 0.673726 0.022490 0.015928
