1 0.399854 0.882422 0.013125 0.017598
1 0.916582 0.968203 0.031680 0.063594
1 0.950527 0.951299 0.098945 0.030410
1 0.617627 0.899365 0.144453 0.020605
1 0.552065 0.954883 0.014365 0.090234
1 0.404067 0.951416 0.022529 0.097168
1 0.420352 0.896206 0.054590 0.013896
1 0.399624 0.765332 0.013428 0.015977
1 0.447769 0.747788 0.105908 0.022881
1 0.265537 0.743691 0.258418 0.013789
1 0.126470 0.564814 0.023096 0.369082
1 0.130322 0.371670 0.030957 0.022832
1 0.196914 0.371650 0.107090 0.022988
1 0.592085 0.371602 0.224033 0.023594
1 0.909351 0.371851 0.067783 0.023525
1 0.931294 0.340957 0.023838 0.085313
1 0.959687 0.288101 0.080625 0.023525
1 0.644443 0.748081 0.088184 0.023564
1 0.126489 0.931367 0.023955 0.137266
0 0.550439 0.748315 0.098730 0.024678
0 0.490791 0.896890 0.084687 0.016631
1 0.539487 0.896548 0.011514 0.013857
0 0.400264 0.823633 0.016797 0.099980
2 0.125854 0.807256 0.022256 0.115020
2 0.307773 0.369971 0.114492 0.023145
2 0.422549 0.369917 0.114824 0.023057
2 0.759858 0.370845 0.111338 0.021982
2 0.845200 0.370991 0.059854 0.022275
