1 0.465923 0.468584 0.018818 0.121074
1 0.260845 0.148584 0.016982 0.297168
1 0.174253 0.070273 0.190713 0.017266
1 0.071904 0.156724 0.017559 0.313447
1 0.532056 0.156333 0.016514 0.312666
1 0.654849 0.612251 0.170479 0.016377
1 0.732568 0.648652 0.016895 0.702695
1 0.401768 0.305171 0.677324 0.015732
1 0.108691 0.790078 0.132656 0.016328
1 0.166929 0.547510 0.016553 0.501855
1 0.034028 0.756396 0.016553 0.487207
1 0.980581 0.206426 0.016904 0.412852
1 0.864482 0.404395 0.246504 0.016914
1 0.351675 0.655454 0.016357 0.689092
1 0.471411 0.537441 0.227725 0.015742
1 0.577397 0.574263 0.016865 0.091631
