1 0.589258 0.573477 0.007422 0.085078
1 0.554785 0.540527 0.061914 0.006895
1 0.380371 0.546113 0.160937 0.015625
1 0.452974 0.508154 0.015811 0.091504
1 0.508789 0.470605 0.127148 0.016211
1 0.564521 0.249258 0.015527 0.008496
1 0.564766 0.394038 0.015254 0.169150
1 0.499424 0.213584 0.006543 0.034961
1 0.492021 0.130000 0.007910 0.005625
1 0.499609 0.090723 0.006836 0.110352
1 0.409814 0.129927 0.072168 0.005967
1 0.305098 0.012939 0.006836 0.025879
1 0.496484 0.018281 0.011914 0.036484
1 0.770728 0.074443 0.011475 0.076816
1 0.770854 0.216484 0.010850 0.059023
1 0.878320 0.240288 0.225781 0.011553
1 0.995654 0.261816 0.008691 0.054609
1 0.995688 0.452793 0.008623 0.178633
1 0.856396 0.432744 0.269629 0.006152
1 0.698076 0.429678 0.046875 0.011934
1 0.680615 0.533203 0.011816 0.218750
1 0.718457 0.385352 0.006621 0.077344
1 0.718350 0.267627 0.006621 0.043262
1 0.595410 0.238223 0.342187 0.015332
1 0.293569 0.282568 0.016416 0.104395
1 0.326460 0.238193 0.082217 0.015625
1 0.229082 0.189790 0.006680 0.008701
1 0.256738 0.197402 0.062109 0.006152
1 0.229429 0.091309 0.006631 0.090625
1 0.139595 0.106963 0.172373 0.006582
1 0.048145 0.089971 0.011328 0.088730
1 0.048145 0.286035 0.012109 0.118945
1 0.171973 0.339736 0.259570 0.011543
1 0.295811 0.396445 0.011738 0.124922
1 0.295923 0.589966 0.011768 0.113330
1 0.296021 0.849951 0.011963 0.300098
1 0.402148 0.030557 0.200586 0.011621
1 0.326416 0.774927 0.048730 0.006299
0 0.229512 0.023027 0.006836 0.046055
1 0.173281 0.093340 0.007109 0.020566
1 0.197852 0.086460 0.056250 0.007412
1 0.104375 0.093330 0.007109 0.020566
1 0.081025 0.086528 0.054238 0.007412
1 0.314292 0.589028 0.006885 0.069658
1 0.309863 0.620337 0.015918 0.007373
1 0.438950 0.749194 0.006885 0.044482
1 0.441011 0.730166 0.011143 0.006738
1 0.324600 0.761035 0.044746 0.006738
1 0.343896 0.764761 0.006348 0.014072
2 0.770674 0.017871 0.011465 0.035742
1 0.995737 0.753096 0.008525 0.099668
1 0.992930 0.797456 0.014141 0.011377
1 0.875405 0.994199 0.011494 0.011602
0 0.639121 0.751631 0.055527 0.006562
2 0.875410 0.933799 0.011484 0.108711
2 0.904854 0.798257 0.030527 0.013818
2 0.995674 0.671860 0.008652 0.061494
0 0.718350 0.317822 0.006816 0.057871
2 0.952808 0.798354 0.065088 0.013818
2 0.995757 0.610625 0.008486 0.060508
2 0.995703 0.561353 0.008594 0.037842
2 0.995728 0.344468 0.008545 0.037764
2 0.995752 0.307446 0.008496 0.036182
2 0.770659 0.168188 0.011436 0.037764
2 0.770664 0.131089 0.011055 0.035225
2 0.295957 0.514331 0.011797 0.037764
2 0.296055 0.477305 0.011797 0.036055
2 0.296118 0.673462 0.011807 0.052842
2 0.048130 0.207778 0.011807 0.036064
2 0.048130 0.162256 0.011807 0.054590
2 0.047852 0.022607 0.011797 0.045215
0 0.589380 0.637310 0.007197 0.042275
1 0.582793 0.475088 0.020234 0.007148
1 0.587852 0.402246 0.010078 0.138477
1 0.582715 0.336016 0.020313 0.006055
1 0.589312 0.483623 0.006729 0.009473
1 0.462178 0.634922 0.006484 0.070039
1 0.496807 0.551885 0.057109 0.005664
1 0.470801 0.577207 0.006250 0.056719
1 0.466455 0.602783 0.014941 0.005762
1 0.439136 0.589014 0.007334 0.070020
1 0.449229 0.644492 0.005879 0.052031
1 0.443818 0.621406 0.016992 0.005566
0 0.519873 0.713281 0.006543 0.057812
0 0.379780 0.774932 0.057236 0.006191
1 0.492476 0.539604 0.062803 0.005186
1 0.522012 0.545767 0.007031 0.017861
0 0.589399 0.509736 0.006943 0.042480
0 0.564795 0.281528 0.015332 0.055635
0 0.395996 0.238184 0.056445 0.015625
1 0.310327 0.084819 0.016631 0.097236
1 0.325615 0.129932 0.013574 0.006348
0 0.353115 0.129912 0.041211 0.006113
1 0.409385 0.081816 0.007715 0.090781
1 0.390713 0.081670 0.007715 0.090781
0 0.466934 0.129941 0.042109 0.006113
0 0.499658 0.171045 0.006934 0.050098
0 0.229395 0.161035 0.006836 0.048438
1 0.299697 0.211904 0.006445 0.036719
1 0.288228 0.211904 0.005947 0.036719
1 0.294033 0.196475 0.017773 0.006055
1 0.879609 0.797021 0.019883 0.010859
1 0.875278 0.835508 0.011299 0.087617
1 0.680610 0.874102 0.011631 0.251797
1 0.670928 0.751777 0.008301 0.005957
1 0.567236 0.751660 0.087598 0.006836
1 0.519941 0.871240 0.006875 0.257520
1 0.431250 0.774912 0.045508 0.006934
1 0.450391 0.724414 0.007227 0.108008
1 0.519863 0.680718 0.006348 0.007139
1 0.589287 0.664287 0.006777 0.011914
1 0.519727 0.673633 0.146094 0.006641
