1 0.405688 0.698018 0.007451 0.089551
1 0.405679 0.492632 0.007451 0.089561
1 0.200879 0.725420 0.401758 0.008008
0 0.405728 0.800215 0.007490 0.114258
0 0.566343 0.853921 0.030791 0.116006
1 0.201665 0.520859 0.403330 0.008008
1 0.405913 0.288413 0.007451 0.089814
1 0.405615 0.118784 0.007520 0.019248
2 0.566284 0.181572 0.029697 0.085586
0 0.405532 0.185801 0.007451 0.114785
1 0.290918 0.941738 0.581836 0.030781
1 0.566328 0.934277 0.031328 0.045508
1 0.566074 0.510498 0.031328 0.573340
1 0.909453 0.138633 0.027090 0.117402
1 0.566670 0.109668 0.032363 0.060938
1 0.291313 0.095166 0.582627 0.031543
1 0.201123 0.316016 0.402246 0.008008
0 0.405942 0.390786 0.006846 0.114268
0 0.405654 0.595264 0.007422 0.115234
1 0.406040 0.893130 0.007451 0.070771
