1 0.620132 0.243071 0.027061 0.005479
1 0.790332 0.561445 0.419336 0.021328
1 0.989370 0.557739 0.021260 0.028174
1 0.822656 0.501152 0.011133 0.098945
1 0.822900 0.315928 0.012012 0.098945
1 0.786177 0.261343 0.315342 0.011748
1 0.597656 0.260918 0.028125 0.012598
1 0.938003 0.150308 0.012666 0.233955
1 0.989824 0.414819 0.020352 0.255986
1 0.965859 0.039497 0.067754 0.012861
1 0.228516 0.203369 0.023633 0.137715
1 0.426567 0.561304 0.095127 0.022510
1 0.959468 0.222700 0.029287 0.011807
1 0.981982 0.259507 0.036035 0.010088
1 0.968149 0.241299 0.011807 0.047871
1 0.937461 0.409141 0.013008 0.281621
0 0.822632 0.408462 0.011572 0.086064
2 0.527490 0.561069 0.106367 0.022959
2 0.340332 0.562153 0.077539 0.024912
2 0.270908 0.562153 0.060762 0.024912
2 0.226758 0.327051 0.027148 0.109180
2 0.226826 0.433896 0.027148 0.104082
2 0.226836 0.516641 0.027148 0.060859
2 0.228320 0.097402 0.023828 0.074492
2 0.228311 0.030054 0.023828 0.060107
1 0.959409 0.074580 0.029561 0.011543
1 0.966846 0.063130 0.014453 0.034463
1 0.609536 0.247461 0.005674 0.014258
1 0.630674 0.248047 0.006152 0.015234
1 0.620034 0.264502 0.016709 0.005371
