2 0.419155 0.617656 0.026670 0.159355
1 0.368574 0.426421 0.075391 0.010850
2 0.418501 0.762339 0.026670 0.130146
0 0.094658 0.228774 0.084883 0.012783
2 0.416577 0.083550 0.021650 0.077822
2 0.416577 0.022178 0.022275 0.044355
1 0.337275 0.413940 0.014902 0.034971
1 0.367490 0.401455 0.075391 0.010059
1 0.165269 0.425000 0.330537 0.013281
1 0.203169 0.926079 0.406338 0.014053
1 0.416997 0.913145 0.022510 0.173711
1 0.026074 0.228794 0.052148 0.012529
1 0.271802 0.228696 0.268896 0.012764
1 0.417119 0.178706 0.021641 0.111982
1 0.417515 0.440376 0.021416 0.197373
