1 0.182554 0.911265 0.012568 0.047646
1 0.581221 0.086567 0.022480 0.123154
1 0.322354 0.137134 0.540215 0.021924
1 0.064062 0.201758 0.022461 0.151172
1 0.063330 0.578242 0.022480 0.231602
1 0.252866 0.567896 0.359111 0.013623
1 0.162979 0.635381 0.012227 0.121211
1 0.406406 0.607876 0.011719 0.066729
1 0.063135 0.892646 0.021387 0.214258
1 0.185601 0.838965 0.013604 0.105918
1 0.616523 0.856426 0.013652 0.173008
1 0.406519 0.761445 0.011182 0.017539
1 0.773306 0.896299 0.022588 0.185566
1 0.891987 0.896831 0.216025 0.012549
1 0.875166 0.515869 0.249668 0.031934
1 0.773408 0.608838 0.022715 0.160840
1 0.577012 0.339111 0.030938 0.383496
1 0.613525 0.515469 0.044238 0.030137
1 0.567603 0.552637 0.013135 0.043633
1 0.561309 0.568022 0.025723 0.011611
1 0.788843 0.171563 0.018857 0.065078
1 0.889707 0.149512 0.220586 0.018164
1 0.889707 0.351772 0.220586 0.018213
2 0.063574 0.739443 0.022266 0.091328
0 0.406270 0.696875 0.011758 0.110938
1 0.308403 0.969331 0.010264 0.061338
1 0.193701 0.943867 0.239746 0.010547
1 0.131309 0.928467 0.115156 0.012793
1 0.294194 0.894023 0.231553 0.012422
1 0.403896 0.835034 0.012207 0.130908
1 0.417500 0.775254 0.039219 0.011230
1 0.431543 0.799116 0.011621 0.059170
1 0.502456 0.823179 0.153350 0.011338
1 0.573169 0.799058 0.011670 0.059307
1 0.588442 0.775669 0.042412 0.012139
1 0.518091 0.844434 0.182568 0.012031
1 0.433101 0.888911 0.012412 0.100674
1 0.380913 0.932437 0.116475 0.013311
1 0.329146 0.962881 0.012627 0.074238
0 0.616465 0.971558 0.013770 0.056885
0 0.773301 0.994580 0.022480 0.010840
0 0.773208 0.746230 0.022725 0.113594
0 0.490210 0.568018 0.116084 0.012012
0 0.693008 0.516274 0.114629 0.032334
1 0.115649 0.611118 0.081025 0.014775
2 0.063110 0.314849 0.023486 0.074971
2 0.064087 0.406909 0.023369 0.108877
