1 0.945020 0.497686 0.109961 0.004922
1 0.764116 0.497778 0.150303 0.005127
1 0.750972 0.579004 0.004912 0.156641
1 0.615942 0.497549 0.044014 0.005449
1 0.633364 0.425625 0.060479 0.005156
1 0.605508 0.360010 0.004961 0.136426
1 0.757886 0.358091 0.004443 0.133760
1 0.765195 0.425742 0.102852 0.004219
1 0.916211 0.425815 0.098633 0.003779
1 0.910088 0.358228 0.004219 0.132861
1 0.695317 0.284292 0.609365 0.015752
1 0.578999 0.579873 0.014697 0.155410
1 0.540996 0.509946 0.090703 0.015596
1 0.503623 0.436299 0.014277 0.162949
1 0.436021 0.398706 0.120928 0.016455
1 0.271572 0.660708 0.015684 0.024150
1 0.233618 0.669331 0.060225 0.006260
1 0.206172 0.672788 0.005332 0.013799
1 0.206187 0.817075 0.005928 0.175029
1 0.194111 0.741943 0.017598 0.005957
1 0.075059 0.742261 0.121406 0.006592
1 0.089648 0.799658 0.063359 0.006543
1 0.060771 0.850342 0.006309 0.108496
1 0.063618 0.572031 0.012021 0.202148
1 0.087729 0.669116 0.037744 0.006533
1 0.102793 0.569688 0.065684 0.005781
1 0.220571 0.569482 0.086396 0.006152
1 0.271572 0.523765 0.015645 0.133193
1 0.139653 0.464619 0.279307 0.015117
1 0.131826 0.452056 0.263652 0.007607
1 0.138516 0.328789 0.008398 0.257402
1 0.271724 0.243149 0.015518 0.273096
1 0.161763 0.193604 0.235439 0.014551
1 0.037319 0.142773 0.015459 0.117578
1 0.026079 0.194136 0.006533 0.014912
1 0.139795 0.005908 0.279590 0.011816
1 0.271948 0.053613 0.015186 0.107227
1 0.282930 0.099561 0.006777 0.015527
1 0.037451 0.014951 0.015723 0.008945
1 0.411533 0.099458 0.136035 0.015537
1 0.387720 0.192305 0.007979 0.171641
1 0.367231 0.284478 0.049033 0.015635
1 0.668555 0.099736 0.191289 0.015879
1 0.756616 0.077437 0.016377 0.059619
1 0.760840 0.192266 0.007734 0.171523
1 0.476328 0.599360 0.081328 0.010244
1 0.511870 0.560210 0.010166 0.087803
0 0.982803 0.425986 0.034395 0.004355
0 0.663384 0.497578 0.051162 0.005234
0 0.688872 0.425581 0.050771 0.004502
0 0.864492 0.497705 0.050762 0.004785
0 0.841602 0.425635 0.050762 0.004355
1 0.909312 0.578711 0.004229 0.158789
1 0.681577 0.665024 0.636846 0.015576
1 0.321240 0.664990 0.084668 0.015332
1 0.369917 0.789077 0.017080 0.264092
1 0.331963 0.912207 0.093301 0.016797
1 0.176021 0.912373 0.070010 0.016035
1 0.044629 0.912905 0.089258 0.015674
1 0.271421 0.453403 0.015537 0.008174
2 0.229438 0.912305 0.036631 0.016406
2 0.266655 0.912231 0.037412 0.016846
2 0.115278 0.912744 0.052041 0.015527
0 0.314902 0.099370 0.056875 0.015576
0 0.756592 0.023926 0.016309 0.047852
0 0.526211 0.099463 0.093164 0.016309
1 0.381006 0.423823 0.011621 0.032939
1 0.435425 0.412373 0.121045 0.010664
1 0.490142 0.462886 0.010986 0.109756
1 0.435425 0.512588 0.119229 0.010352
1 0.258677 0.518862 0.008506 0.092529
0 0.156543 0.569673 0.041348 0.005967
1 0.093745 0.552446 0.048252 0.007256
1 0.114102 0.557729 0.006973 0.017549
0 0.007124 0.742241 0.014248 0.007002
1 0.077998 0.880820 0.009766 0.047168
1 0.073384 0.860488 0.018447 0.006504
1 0.063765 0.770898 0.014912 0.050156
0 0.160669 0.741909 0.049326 0.006416
0 0.206235 0.704482 0.005752 0.049609
0 0.271519 0.619375 0.015693 0.058301
0 0.271436 0.408330 0.015684 0.057129
1 0.271436 0.443042 0.015684 0.012295
1 0.283213 0.284043 0.007051 0.015723
0 0.314253 0.283774 0.058818 0.015186
0 0.504180 0.326274 0.015859 0.058584
