1 0.379868 0.756929 0.027061 0.005479
1 0.209668 0.438555 0.419336 0.021328
1 0.010630 0.442261 0.021260 0.028174
1 0.177344 0.498848 0.011133 0.098945
1 0.177100 0.684072 0.012012 0.098945
1 0.213823 0.738657 0.315342 0.011748
1 0.402344 0.739082 0.028125 0.012598
1 0.061997 0.849692 0.012666 0.233955
1 0.010176 0.585181 0.020352 0.255986
1 0.034141 0.960503 0.067754 0.012861
1 0.771484 0.796631 0.023633 0.137715
1 0.573433 0.438696 0.095127 0.022510
1 0.040532 0.777300 0.029287 0.011807
1 0.018018 0.740493 0.036035 0.010088
1 0.031851 0.758701 0.011807 0.047871
1 0.062539 0.590859 0.013008 0.281621
0 0.177368 0.591538 0.011572 0.086064
2 0.472510 0.438931 0.106367 0.022959
2 0.659668 0.437847 0.077539 0.024912
2 0.729092 0.437847 0.060762 0.024912
2 0.773242 0.672949 0.027148 0.109180
2 0.773174 0.566104 0.027148 0.104082
2 0.773164 0.483359 0.027148 0.060859
2 0.771680 0.902598 0.023828 0.074492
2 0.771689 0.969946 0.023828 0.060107
1 0.040591 0.925420 0.029561 0.011543
1 0.033154 0.936870 0.014453 0.034463
1 0.390464 0.752539 0.005674 0.014258
1 0.369326 0.751953 0.006152 0.015234
1 0.379966 0.735498 0.016709 0.005371
