1 0.254927 0.201997 0.119443 0.010127
1 0.117920 0.177148 0.011230 0.286133
1 0.226489 0.120098 0.208740 0.015664
1 0.323604 0.303813 0.014590 0.021865
1 0.323228 0.381519 0.015264 0.021885
1 0.226450 0.384702 0.208564 0.015693
1 0.117495 0.382778 0.010771 0.019209
1 0.080225 0.386626 0.063379 0.011533
1 0.054360 0.441406 0.011260 0.121094
1 0.054062 0.709878 0.010664 0.308369
1 0.054141 0.868564 0.010547 0.010449
1 0.081318 0.868467 0.045371 0.010840
1 0.258169 0.868472 0.055654 0.010850
1 0.395186 0.868403 0.111055 0.010830
1 0.388677 0.759424 0.009951 0.209082
1 0.421025 0.745068 0.054746 0.007715
1 0.421841 0.671187 0.056182 0.006455
1 0.502393 0.758301 0.006738 0.209180
1 0.495835 0.671245 0.005928 0.006143
1 0.502319 0.568716 0.006396 0.057939
1 0.615771 0.586377 0.220215 0.006934
1 0.731499 0.594131 0.011377 0.116387
1 0.731592 0.343115 0.011621 0.098730
1 0.731646 0.212305 0.011143 0.056055
1 0.659180 0.237354 0.135156 0.006934
1 0.508643 0.237275 0.081152 0.006504
1 0.502393 0.361816 0.006934 0.242188
1 0.478760 0.389023 0.040918 0.006934
1 0.596309 0.335479 0.181016 0.006934
1 0.731641 0.094097 0.010742 0.026279
1 0.656528 0.058350 0.010713 0.049121
1 0.689258 0.076855 0.076562 0.011328
1 0.731855 0.076812 0.010352 0.011045
1 0.463770 0.097383 0.010352 0.066172
1 0.463789 0.219097 0.010352 0.042861
1 0.239443 0.774160 0.006465 0.179023
1 0.285991 0.548145 0.006729 0.158984
1 0.258936 0.624365 0.060645 0.006738
1 0.115527 0.624502 0.112500 0.006738
1 0.167070 0.431167 0.006738 0.080244
1 0.664741 0.868750 0.125186 0.011328
1 0.731655 0.830005 0.011240 0.068506
1 0.731768 0.868711 0.010840 0.010742
1 0.388525 0.570356 0.010059 0.054756
1 0.388516 0.446094 0.010059 0.109375
1 0.386162 0.389063 0.015898 0.006504
1 0.200269 0.252427 0.009717 0.111396
1 0.309819 0.213135 0.010537 0.032402
1 0.255420 0.302842 0.120801 0.010527
1 0.323091 0.172119 0.015713 0.119824
2 0.135298 0.870234 0.062314 0.014668
2 0.198418 0.870078 0.063906 0.014668
2 0.312812 0.868716 0.052891 0.012178
2 0.473779 0.868726 0.045605 0.011963
2 0.575161 0.868457 0.053311 0.011328
2 0.732764 0.691699 0.014355 0.077930
2 0.732812 0.763188 0.014355 0.064639
2 0.732881 0.431191 0.014355 0.076875
2 0.733145 0.502681 0.014355 0.066514
2 0.731802 0.266934 0.012236 0.053516
2 0.731753 0.126304 0.010771 0.037705
2 0.731753 0.164746 0.010967 0.038867
2 0.658320 0.016782 0.014355 0.033564
2 0.117593 0.346797 0.010381 0.052578
2 0.054204 0.528857 0.011338 0.053613
1 0.071968 0.560386 0.024502 0.008525
1 0.080571 0.588535 0.007295 0.064824
1 0.336387 0.488389 0.094062 0.011758
1 0.222388 0.399575 0.102881 0.007139
1 0.270464 0.433315 0.006826 0.074229
1 0.278252 0.467773 0.022754 0.005273
1 0.286650 0.431631 0.005957 0.077910
1 0.303540 0.466392 0.027822 0.006318
1 0.314214 0.472954 0.006826 0.019092
0 0.200234 0.624482 0.056699 0.006797
1 0.336167 0.582344 0.093779 0.017559
0 0.388413 0.521924 0.009990 0.041914
0 0.388628 0.626382 0.009932 0.056865
1 0.421353 0.809277 0.054893 0.006270
1 0.421040 0.801279 0.054893 0.005332
1 0.445674 0.805527 0.006152 0.014063
1 0.413604 0.773853 0.007715 0.049326
1 0.399780 0.684634 0.011904 0.006299
1 0.403008 0.681284 0.005449 0.013350
0 0.471333 0.671509 0.043135 0.006475
0 0.502300 0.625698 0.006670 0.055693
0 0.502349 0.511362 0.006826 0.056768
0 0.356611 0.389209 0.043145 0.006543
1 0.332944 0.389116 0.003916 0.006143
0 0.323223 0.342656 0.015371 0.055625
0 0.323228 0.262314 0.015361 0.060723
0 0.570342 0.237334 0.042129 0.006973
2 0.117441 0.016963 0.012246 0.033926
1 0.704463 0.100884 0.043105 0.006670
1 0.686143 0.093418 0.006465 0.021777
