1 0.103008 0.073901 0.036152 0.022842
1 0.934883 0.073628 0.130234 0.022900
1 0.649873 0.073618 0.212695 0.022881
1 0.530698 0.283594 0.030107 0.442578
1 0.553364 0.192334 0.007334 0.214941
1 0.570796 0.295703 0.042178 0.008145
1 0.587813 0.332778 0.008145 0.082295
1 0.607861 0.384277 0.128223 0.022227
1 0.864292 0.384463 0.153643 0.022227
1 0.905054 0.170947 0.008057 0.175879
1 0.921226 0.254971 0.040752 0.007539
1 0.951221 0.167036 0.008301 0.168271
1 0.948384 0.384722 0.013564 0.266689
1 0.970786 0.510903 0.058428 0.014131
1 0.834995 0.649375 0.181318 0.023203
1 0.919565 0.829551 0.013584 0.340898
1 0.530566 0.809761 0.030469 0.380479
1 0.586875 0.649419 0.086250 0.021787
1 0.258604 0.645864 0.517207 0.029990
1 0.130571 0.665474 0.013213 0.012783
1 0.130386 0.779536 0.012705 0.014365
1 0.135449 0.792080 0.211914 0.013457
1 0.234541 0.892651 0.014004 0.214697
1 0.325586 0.256299 0.028125 0.071191
1 0.212012 0.234888 0.255273 0.028369
1 0.098379 0.339941 0.028105 0.238477
1 0.211641 0.445063 0.254844 0.028135
1 0.229204 0.073979 0.220498 0.022881
0 0.687148 0.649795 0.113906 0.022910
0 0.530273 0.561958 0.029688 0.114756
0 0.729575 0.384570 0.115791 0.021680
0 0.130273 0.721572 0.013867 0.100410
0 0.014687 0.792627 0.029375 0.014355
2 0.042310 0.073843 0.084619 0.025654
2 0.457236 0.073843 0.116953 0.021104
2 0.368784 0.074077 0.059248 0.020908
2 0.812427 0.073477 0.114893 0.022910
