1 0.926099 0.103008 0.022842 0.036152
1 0.926372 0.934883 0.022900 0.130234
1 0.926382 0.649873 0.022881 0.212695
1 0.716406 0.530698 0.442578 0.030107
1 0.807666 0.553364 0.214941 0.007334
1 0.704297 0.570796 0.008145 0.042178
1 0.667222 0.587813 0.082295 0.008145
1 0.615723 0.607861 0.022227 0.128223
1 0.615537 0.864292 0.022227 0.153643
1 0.829053 0.905054 0.175879 0.008057
1 0.745029 0.921226 0.007539 0.040752
1 0.832964 0.951221 0.168271 0.008301
1 0.615278 0.948384 0.266689 0.013564
1 0.489097 0.970786 0.014131 0.058428
1 0.350625 0.834995 0.023203 0.181318
1 0.170449 0.919565 0.340898 0.013584
1 0.190239 0.530566 0.380479 0.030469
1 0.350581 0.586875 0.021787 0.086250
1 0.354136 0.258604 0.029990 0.517207
1 0.334526 0.130571 0.012783 0.013213
1 0.220464 0.130386 0.014365 0.012705
1 0.207920 0.135449 0.013457 0.211914
1 0.107349 0.234541 0.214697 0.014004
1 0.743701 0.325586 0.071191 0.028125
1 0.765112 0.212012 0.028369 0.255273
1 0.660059 0.098379 0.238477 0.028105
1 0.554937 0.211641 0.028135 0.254844
1 0.926021 0.229204 0.022881 0.220498
0 0.350205 0.687148 0.022910 0.113906
0 0.438042 0.530273 0.114756 0.029688
0 0.615430 0.729575 0.021680 0.115791
0 0.278428 0.130273 0.100410 0.013867
0 0.207373 0.014687 0.014355 0.029375
2 0.926157 0.042310 0.025654 0.084619
2 0.926157 0.457236 0.021104 0.116953
2 0.925923 0.368784 0.020908 0.059248
2 0.926523 0.812427 0.022910 0.114893
