1 0.301982 0.405688 0.089551 0.007451
1 0.507368 0.405679 0.089561 0.007451
1 0.274580 0.200879 0.008008 0.401758
0 0.199785 0.405728 0.114258 0.007490
0 0.146079 0.566343 0.116006 0.030791
1 0.479141 0.201665 0.008008 0.403330
1 0.711587 0.405913 0.089814 0.007451
1 0.881216 0.405615 0.019248 0.007520
2 0.818428 0.566284 0.085586 0.029697
0 0.814199 0.405532 0.114785 0.007451
1 0.058262 0.290918 0.030781 0.581836
1 0.065723 0.566328 0.045508 0.031328
1 0.489502 0.566074 0.573340 0.031328
1 0.861367 0.909453 0.117402 0.027090
1 0.890332 0.566670 0.060938 0.032363
1 0.904834 0.291313 0.031543 0.582627
1 0.683984 0.201123 0.008008 0.402246
0 0.609214 0.405942 0.114268 0.006846
0 0.404736 0.405654 0.115234 0.007422
1 0.106870 0.406040 0.070771 0.007451
