1 0.466748 0.430630 0.171582 0.007412
1 0.374805 0.716699 0.015723 0.566602
1 0.466836 0.803779 0.169980 0.007871
1 0.559326 0.453721 0.015723 0.137715
1 0.559463 0.712012 0.015996 0.191602
1 0.581558 0.799980 0.059639 0.015723
1 0.679414 0.800117 0.007578 0.015996
1 0.691689 0.762744 0.016387 0.474512
0 0.559590 0.589634 0.016191 0.053877
0 0.559580 0.542773 0.016582 0.039922
0 0.039043 0.314507 0.056484 0.015342
0 0.089873 0.200132 0.006270 0.042354
1 0.106074 0.136289 0.007168 0.047969
1 0.101196 0.157119 0.016787 0.006543
0 0.464937 0.036792 0.015693 0.058311
0 0.607275 0.079961 0.065312 0.015820
0 0.643306 0.799995 0.065283 0.016104
1 0.680459 0.278369 0.037988 0.015820
1 0.301577 0.800918 0.132471 0.003965
1 0.898306 0.278350 0.024053 0.016074
0 0.559385 0.357261 0.015410 0.056357
1 0.375083 0.325825 0.015732 0.006670
0 0.374775 0.357275 0.016035 0.058086
0 0.251230 0.314492 0.057910 0.015547
0 0.332666 0.546553 0.059102 0.016465
0 0.233457 0.731450 0.004355 0.050771
0 0.161680 0.705923 0.004355 0.050322
0 0.161758 0.907246 0.004355 0.050762
0 0.233550 0.884810 0.004365 0.050771
1 0.334961 0.181709 0.248242 0.007969
1 0.644331 0.080156 0.008799 0.015332
1 0.465024 0.003809 0.015029 0.007617
1 0.334277 0.003926 0.248633 0.007852
1 0.206685 0.153086 0.007705 0.306172
1 0.005322 0.314453 0.010645 0.015137
1 0.089727 0.264160 0.006230 0.085547
1 0.089834 0.145215 0.006230 0.067188
1 0.094043 0.106436 0.188086 0.011738
1 0.194531 0.161128 0.015234 0.322256
1 0.134849 0.314507 0.135049 0.015322
1 0.211914 0.314375 0.021191 0.015586
1 0.416123 0.314614 0.273066 0.015127
1 0.465430 0.204844 0.014297 0.235039
1 0.464878 0.076523 0.015732 0.022773
1 0.516177 0.080068 0.118193 0.015723
1 0.654834 0.161035 0.015449 0.322070
1 0.559414 0.317842 0.015449 0.021953
1 0.607261 0.314590 0.111143 0.015449
1 0.098145 0.554849 0.087305 0.009678
1 0.059536 0.519409 0.009834 0.080518
1 0.146582 0.478174 0.009277 0.119238
1 0.197271 0.533267 0.110947 0.009443
1 0.247461 0.477998 0.010156 0.119785
1 0.236113 0.424404 0.032930 0.012598
1 0.260845 0.479150 0.015928 0.121387
1 0.222656 0.546499 0.161719 0.016162
1 0.149199 0.584004 0.014766 0.091172
1 0.078174 0.622319 0.156348 0.014951
1 0.161733 0.658564 0.004404 0.044785
1 0.233511 0.676465 0.004404 0.059570
1 0.299219 0.648506 0.135938 0.003965
1 0.079736 0.794043 0.159473 0.004277
1 0.079785 0.952158 0.159570 0.004277
1 0.161714 0.966211 0.004482 0.067578
1 0.161733 0.806396 0.004463 0.150488
1 0.233437 0.808291 0.003984 0.102715
1 0.233325 0.955127 0.004248 0.089746
1 0.301304 0.953130 0.132100 0.004287
1 0.374971 0.410308 0.015586 0.048604
