2 0.132910 0.188643 0.021875 0.115488
1 0.550078 0.157764 0.014883 0.315527
1 0.463379 0.853442 0.013867 0.076650
1 0.653193 0.495981 0.011914 0.013857
1 0.471094 0.496191 0.179102 0.013867
1 0.463418 0.614805 0.013203 0.227461
1 0.563911 0.660396 0.189541 0.007295
1 0.563428 0.706626 0.189160 0.007295
1 0.665405 0.752896 0.013818 0.277217
1 0.680044 0.610039 0.043877 0.007969
1 0.662246 0.556299 0.008164 0.099512
1 0.697305 0.557080 0.009102 0.097559
1 0.753755 0.498779 0.190127 0.019238
1 0.955913 0.499019 0.013994 0.018428
1 0.975518 0.684609 0.030098 0.414531
1 0.948721 0.900688 0.083418 0.022725
1 0.654551 0.900806 0.161602 0.022686
1 0.415610 0.900986 0.146455 0.022695
1 0.139751 0.901201 0.037100 0.022578
1 0.192041 0.901074 0.072363 0.022461
1 0.132651 0.683965 0.023115 0.415664
1 0.132524 0.303726 0.023213 0.117939
1 0.132617 0.065479 0.022656 0.130957
2 0.132578 0.420337 0.022676 0.114795
0 0.463057 0.771899 0.014258 0.085908
0 0.603960 0.495640 0.086318 0.013760
0 0.817368 0.178667 0.013271 0.100498
0 0.966318 0.179497 0.013887 0.100166
1 0.965967 0.272036 0.013926 0.085576
0 0.975293 0.420674 0.030859 0.113223
0 0.899009 0.499507 0.100791 0.018213
2 0.877715 0.900464 0.060977 0.021670
2 0.791211 0.900039 0.111523 0.023320
2 0.531211 0.901011 0.086602 0.021670
2 0.285962 0.900840 0.115186 0.021660
1 0.683760 0.325186 0.279551 0.023809
1 0.817461 0.272695 0.014023 0.086836
1 0.965801 0.064307 0.014687 0.128613
1 0.884316 0.110161 0.148281 0.014639
1 0.817314 0.122900 0.013730 0.010723
1 0.975854 0.338496 0.029541 0.049004
1 0.995327 0.328877 0.009346 0.029766
