2 0.617656 0.580845 0.159355 0.026670
1 0.426421 0.631426 0.010850 0.075391
2 0.762339 0.581499 0.130146 0.026670
0 0.228774 0.905342 0.012783 0.084883
2 0.083550 0.583423 0.077822 0.021650
2 0.022178 0.583423 0.044355 0.022275
1 0.413940 0.662725 0.034971 0.014902
1 0.401455 0.632510 0.010059 0.075391
1 0.425000 0.834731 0.013281 0.330537
1 0.926079 0.796831 0.014053 0.406338
1 0.913145 0.583003 0.173711 0.022510
1 0.228794 0.973926 0.012529 0.052148
1 0.228696 0.728198 0.012764 0.268896
1 0.178706 0.582881 0.111982 0.021641
1 0.440376 0.582485 0.197373 0.021416
