1 0.546162 0.020664 0.010059 0.041328
0 0.780347 0.149463 0.050771 0.004355
0 0.659048 0.149463 0.050771 0.004355
0 0.679702 0.060566 0.050771 0.004355
1 0.291577 0.985474 0.084814 0.015967
1 0.256890 0.735986 0.015908 0.514160
1 0.393496 0.561606 0.007969 0.136357
1 0.369761 0.635879 0.079658 0.014531
1 0.700635 0.635918 0.495605 0.015273
1 0.940386 0.380054 0.015791 0.527393
1 0.491235 0.036406 0.119678 0.009922
1 0.559614 0.032324 0.015518 0.064648
1 0.499424 0.050117 0.135918 0.016602
2 0.940381 0.094326 0.015332 0.044082
2 0.307368 0.636104 0.044775 0.015273
0 0.329971 0.093281 0.008105 0.057129
0 0.330933 0.486577 0.056885 0.015576
2 0.431143 0.635601 0.043672 0.014912
0 0.443936 0.486504 0.057480 0.015781
0 0.723672 0.425405 0.015625 0.092607
0 0.571377 0.486382 0.064141 0.015732
0 0.516479 0.378755 0.057744 0.015752
0 0.516572 0.220781 0.056816 0.015547
0 0.559570 0.093315 0.015996 0.057588
0 0.860576 0.060391 0.050762 0.004355
0 0.901475 0.149414 0.050762 0.004355
1 0.548291 0.220732 0.006836 0.015762
1 0.559585 0.234307 0.015596 0.224160
1 0.459756 0.220654 0.056699 0.015527
1 0.439224 0.292432 0.016143 0.159277
1 0.368262 0.378711 0.238672 0.015625
1 0.256924 0.193408 0.015996 0.386816
1 0.750103 0.352656 0.396084 0.015723
1 0.329907 0.032290 0.007900 0.064580
1 0.330000 0.186743 0.008164 0.129639
1 0.613716 0.060547 0.080576 0.004180
1 0.603857 0.149370 0.060254 0.004189
1 0.692295 0.248193 0.004473 0.193066
1 0.719595 0.149453 0.070518 0.003984
1 0.747930 0.069824 0.015996 0.014375
1 0.752993 0.029102 0.004658 0.058203
1 0.770049 0.060430 0.129941 0.004199
1 0.940332 0.036113 0.015234 0.072227
1 0.909526 0.060596 0.046396 0.004199
1 0.929551 0.149385 0.005664 0.004043
1 0.840679 0.149399 0.070596 0.003877
1 0.813428 0.247949 0.004590 0.193750
1 0.016318 0.056978 0.032637 0.015713
1 0.016274 0.377275 0.032549 0.015527
1 0.559800 0.365620 0.015342 0.041807
1 0.556284 0.378848 0.022354 0.015332
1 0.723535 0.369580 0.015430 0.018906
1 0.723569 0.475249 0.015557 0.007178
1 0.727725 0.561475 0.007969 0.137012
1 0.667383 0.486387 0.127930 0.015723
1 0.498096 0.561475 0.008105 0.136426
1 0.505957 0.486396 0.066797 0.015723
1 0.387197 0.486396 0.056465 0.015098
1 0.275889 0.486553 0.054121 0.015723
1 0.267212 0.635918 0.036084 0.015723
1 0.326274 0.988735 0.015928 0.022490
