1 0.589258 0.426523 0.007422 0.085078
1 0.554785 0.459473 0.061914 0.006895
1 0.380371 0.453887 0.160937 0.015625
1 0.452974 0.491846 0.015811 0.091504
1 0.508789 0.529395 0.127148 0.016211
1 0.564521 0.750742 0.015527 0.008496
1 0.564766 0.605962 0.015254 0.169150
1 0.499424 0.786416 0.006543 0.034961
1 0.492021 0.870000 0.007910 0.005625
1 0.499609 0.909277 0.006836 0.110352
1 0.409814 0.870073 0.072168 0.005967
1 0.305098 0.987061 0.006836 0.025879
1 0.496484 0.981719 0.011914 0.036484
1 0.770728 0.925557 0.011475 0.076816
1 0.770854 0.783516 0.010850 0.059023
1 0.878320 0.759712 0.225781 0.011553
1 0.995654 0.738184 0.008691 0.054609
1 0.995688 0.547207 0.008623 0.178633
1 0.856396 0.567256 0.269629 0.006152
1 0.698076 0.570322 0.046875 0.011934
1 0.680615 0.466797 0.011816 0.218750
1 0.718457 0.614648 0.006621 0.077344
1 0.718350 0.732373 0.006621 0.043262
1 0.595410 0.761777 0.342187 0.015332
1 0.293569 0.717432 0.016416 0.104395
1 0.326460 0.761807 0.082217 0.015625
1 0.229082 0.810210 0.006680 0.008701
1 0.256738 0.802598 0.062109 0.006152
1 0.229429 0.908691 0.006631 0.090625
1 0.139595 0.893037 0.172373 0.006582
1 0.048145 0.910029 0.011328 0.088730
1 0.048145 0.713965 0.012109 0.118945
1 0.171973 0.660264 0.259570 0.011543
1 0.295811 0.603555 0.011738 0.124922
1 0.295923 0.410034 0.011768 0.113330
1 0.296021 0.150049 0.011963 0.300098
1 0.402148 0.969443 0.200586 0.011621
1 0.326416 0.225073 0.048730 0.006299
0 0.229512 0.976973 0.006836 0.046055
1 0.173281 0.906660 0.007109 0.020566
1 0.197852 0.913540 0.056250 0.007412
1 0.104375 0.906670 0.007109 0.020566
1 0.081025 0.913472 0.054238 0.007412
1 0.314292 0.410972 0.006885 0.069658
1 0.309863 0.379663 0.015918 0.007373
1 0.438950 0.250806 0.006885 0.044482
1 0.441011 0.269834 0.011143 0.006738
1 0.324600 0.238965 0.044746 0.006738
1 0.343896 0.235239 0.006348 0.014072
2 0.770674 0.982129 0.011465 0.035742
1 0.995737 0.246904 0.008525 0.099668
1 0.992930 0.202544 0.014141 0.011377
1 0.875405 0.005801 0.011494 0.011602
0 0.639121 0.248369 0.055527 0.006562
2 0.875410 0.066201 0.011484 0.108711
2 0.904854 0.201743 0.030527 0.013818
2 0.995674 0.328140 0.008652 0.061494
0 0.718350 0.682178 0.006816 0.057871
2 0.952808 0.201646 0.065088 0.013818
2 0.995757 0.389375 0.008486 0.060508
2 0.995703 0.438647 0.008594 0.037842
2 0.995728 0.655532 0.008545 0.037764
2 0.995752 0.692554 0.008496 0.036182
2 0.770659 0.831812 0.011436 0.037764
2 0.770664 0.868911 0.011055 0.035225
2 0.295957 0.485669 0.011797 0.037764
2 0.296055 0.522695 0.011797 0.036055
2 0.296118 0.326538 0.011807 0.052842
2 0.048130 0.792222 0.011807 0.036064
2 0.048130 0.837744 0.011807 0.054590
2 0.047852 0.977393 0.011797 0.045215
0 0.589380 0.362690 0.007197 0.042275
1 0.582793 0.524912 0.020234 0.007148
1 0.587852 0.597754 0.010078 0.138477
1 0.582715 0.663984 0.020313 0.006055
1 0.589312 0.516377 0.006729 0.009473
1 0.462178 0.365078 0.006484 0.070039
1 0.496807 0.448115 0.057109 0.005664
1 0.470801 0.422793 0.006250 0.056719
1 0.466455 0.397217 0.014941 0.005762
1 0.439136 0.410986 0.007334 0.070020
1 0.449229 0.355508 0.005879 0.052031
1 0.443818 0.378594 0.016992 0.005566
0 0.519873 0.286719 0.006543 0.057812
0 0.379780 0.225068 0.057236 0.006191
1 0.492476 0.460396 0.062803 0.005186
1 0.522012 0.454233 0.007031 0.017861
0 0.589399 0.490264 0.006943 0.042480
0 0.564795 0.718472 0.015332 0.055635
0 0.395996 0.761816 0.056445 0.015625
1 0.310327 0.915181 0.016631 0.097236
1 0.325615 0.870068 0.013574 0.006348
0 0.353115 0.870088 0.041211 0.006113
1 0.409385 0.918184 0.007715 0.090781
1 0.390713 0.918330 0.007715 0.090781
0 0.466934 0.870059 0.042109 0.006113
0 0.499658 0.828955 0.006934 0.050098
0 0.229395 0.838965 0.006836 0.048438
1 0.299697 0.788096 0.006445 0.036719
1 0.288228 0.788096 0.005947 0.036719
1 0.294033 0.803525 0.017773 0.006055
1 0.879609 0.202979 0.019883 0.010859
1 0.875278 0.164492 0.011299 0.087617
1 0.680610 0.125898 0.011631 0.251797
1 0.670928 0.248223 0.008301 0.005957
1 0.567236 0.248340 0.087598 0.006836
1 0.519941 0.128760 0.006875 0.257520
1 0.431250 0.225088 0.045508 0.006934
1 0.450391 0.275586 0.007227 0.108008
1 0.519863 0.319282 0.006348 0.007139
1 0.589287 0.335713 0.006777 0.011914
1 0.519727 0.326367 0.146094 0.006641
