0 0.394360 0.199541 0.030068 0.114336
1 0.713735 0.087944 0.256377 0.028350
1 0.331094 0.921968 0.108613 0.024033
1 0.288477 0.907769 0.023691 0.052275
1 0.284746 0.578711 0.031406 0.610547
1 0.634570 0.288525 0.730859 0.030566
1 0.394355 0.266221 0.029570 0.018555
1 0.988745 0.268789 0.022510 0.012773
1 0.233169 0.278843 0.076689 0.013604
1 0.672661 0.922412 0.234111 0.023926
1 0.980127 0.922065 0.039746 0.023232
1 0.626968 0.701318 0.015088 0.423535
1 0.746772 0.496885 0.254697 0.014824
1 0.851855 0.485234 0.012852 0.013613
1 0.987646 0.497041 0.024707 0.013730
1 0.394746 0.070972 0.030430 0.141943
1 0.274707 0.120811 0.213086 0.019961
1 0.033911 0.121084 0.067822 0.019512
1 0.081665 0.278672 0.024854 0.013594
1 0.076152 0.316357 0.014219 0.088965
1 0.041636 0.353809 0.083271 0.014023
1 0.192915 0.872876 0.158760 0.023408
1 0.827466 0.051123 0.029033 0.102246
1 0.988428 0.074023 0.023145 0.148047
0 0.144575 0.278594 0.100537 0.013301
2 0.026885 0.873032 0.053770 0.022100
2 0.084248 0.872603 0.060879 0.022100
2 0.513447 0.922471 0.085293 0.022109
2 0.427212 0.921978 0.085225 0.022100
2 0.915918 0.921978 0.088672 0.022100
2 0.830674 0.921851 0.081309 0.022100
0 0.924556 0.497197 0.101025 0.014199
0 0.852036 0.428247 0.013682 0.099912
1 0.852290 0.341006 0.013213 0.074961
0 0.117861 0.120259 0.099785 0.018818
