1 0.698018 0.594312 0.089551 0.007451
1 0.492632 0.594321 0.089561 0.007451
1 0.725420 0.799121 0.008008 0.401758
0 0.800215 0.594272 0.114258 0.007490
0 0.853921 0.433657 0.116006 0.030791
1 0.520859 0.798335 0.008008 0.403330
1 0.288413 0.594087 0.089814 0.007451
1 0.118784 0.594385 0.019248 0.007520
2 0.181572 0.433716 0.085586 0.029697
0 0.185801 0.594468 0.114785 0.007451
1 0.941738 0.709082 0.030781 0.581836
1 0.934277 0.433672 0.045508 0.031328
1 0.510498 0.433926 0.573340 0.031328
1 0.138633 0.090547 0.117402 0.027090
1 0.109668 0.433330 0.060938 0.032363
1 0.095166 0.708687 0.031543 0.582627
1 0.316016 0.798877 0.008008 0.402246
0 0.390786 0.594058 0.114268 0.006846
0 0.595264 0.594346 0.115234 0.007422
1 0.893130 0.593960 0.070771 0.007451
