1 0.940918 0.427002 0.022070 0.117090
1 0.272793 0.406934 0.029590 0.148535
1 0.940918 0.098291 0.022656 0.196582
1 0.677051 0.930991 0.106250 0.021943
1 0.273340 0.771387 0.029102 0.342383
1 0.301416 0.624170 0.030371 0.013379
1 0.003271 0.120264 0.006543 0.012207
1 0.187793 0.120361 0.161523 0.013574
1 0.276904 0.078613 0.022168 0.157227
1 0.581357 0.667383 0.102754 0.007617
1 0.533472 0.655840 0.007471 0.030352
1 0.489341 0.644194 0.096064 0.007139
1 0.444604 0.636133 0.007275 0.023965
1 0.887524 0.812588 0.085752 0.013496
1 0.066807 0.931104 0.133574 0.021973
1 0.880664 0.931055 0.071289 0.022070
1 0.934038 0.931201 0.034658 0.020996
1 0.940869 0.761035 0.021777 0.318555
1 0.068213 0.748437 0.027441 0.069336
1 0.040967 0.769629 0.081934 0.026953
1 0.143848 0.347656 0.287695 0.029883
1 0.461865 0.580566 0.022949 0.073633
1 0.536973 0.436768 0.173125 0.019141
2 0.942031 0.239854 0.021484 0.085566
0 0.057134 0.120435 0.099814 0.016885
0 0.276855 0.207910 0.024219 0.100195
0 0.272949 0.542803 0.029297 0.115684
1 0.461240 0.442397 0.021699 0.031084
1 0.676943 0.433887 0.105664 0.013359
1 0.651123 0.679834 0.008105 0.479590
1 0.707275 0.812451 0.103418 0.013184
1 0.432598 0.624316 0.030039 0.013672
1 0.628423 0.529390 0.007607 0.176377
1 0.539165 0.621372 0.186143 0.008369
1 0.628188 0.791851 0.008467 0.256943
0 0.366406 0.623735 0.097461 0.016982
0 0.461621 0.501104 0.022266 0.085605
0 0.801377 0.812812 0.085254 0.016641
2 0.940986 0.543604 0.021484 0.114746
2 0.941699 0.326221 0.021484 0.087012
2 0.196094 0.930845 0.126367 0.022256
2 0.566846 0.931812 0.115469 0.022256
2 0.787187 0.931157 0.115469 0.022256
1 0.068101 0.561768 0.027783 0.031504
1 0.397983 0.931133 0.224092 0.022852
1 0.339771 0.900513 0.107666 0.008799
1 0.389272 0.907529 0.008428 0.022793
1 0.040918 0.559668 0.081836 0.027344
1 0.276758 0.296826 0.022266 0.076660
