1 0.293354 0.270103 0.038643 0.005850
1 0.309150 0.263838 0.007363 0.018359
2 0.268447 0.326846 0.011230 0.052832
2 0.268281 0.466841 0.010840 0.038584
2 0.268174 0.428882 0.010762 0.037256
1 0.313354 0.500044 0.006963 0.022354
1 0.295361 0.492607 0.043262 0.007793
2 0.342158 0.585020 0.013301 0.050586
2 0.341982 0.640742 0.013301 0.060703
2 0.341807 0.701909 0.013301 0.061221
2 0.341846 0.789062 0.013301 0.112500
2 0.371108 0.846973 0.054326 0.014453
1 0.523369 0.875225 0.006465 0.024902
1 0.485098 0.875225 0.006094 0.024902
1 0.504243 0.884873 0.044736 0.005957
2 0.584067 0.847021 0.111963 0.014902
1 0.665542 0.874961 0.005889 0.024102
1 0.655630 0.884072 0.026123 0.005879
1 0.645605 0.875161 0.006074 0.024092
2 0.882886 0.579351 0.011963 0.038467
2 0.882686 0.627749 0.011973 0.057920
2 0.882729 0.688647 0.011943 0.063838
1 0.777407 0.193999 0.102256 0.007881
1 0.729536 0.160498 0.006904 0.074922
1 0.721831 0.125464 0.022275 0.005674
1 0.713232 0.162427 0.005898 0.078369
1 0.698945 0.103599 0.022676 0.006475
1 0.696821 0.127700 0.026533 0.006865
1 0.686196 0.115947 0.005283 0.030781
1 0.650454 0.106816 0.069072 0.012930
0 0.611221 0.072070 0.009785 0.042773
1 0.663306 0.010854 0.093760 0.017412
0 0.428867 0.356289 0.041699 0.005781
2 0.267378 0.162510 0.013975 0.076777
2 0.267275 0.090537 0.014180 0.066426
1 0.928389 0.033486 0.024082 0.007500
1 0.920083 0.018608 0.007197 0.037217
2 0.945684 0.065068 0.010840 0.053320
1 0.780957 0.209180 0.193750 0.014551
1 0.832998 0.161870 0.007324 0.079580
1 0.914121 0.207310 0.074102 0.011553
1 0.882520 0.211113 0.010840 0.019043
1 0.945635 0.152368 0.010840 0.121436
1 0.945742 0.019126 0.010625 0.038252
1 0.611143 0.147729 0.009609 0.108506
1 0.611377 0.025313 0.010078 0.050625
1 0.614336 0.204814 0.016641 0.006113
1 0.713813 0.062329 0.006748 0.124658
2 0.882446 0.247002 0.011182 0.052539
1 0.690200 0.380684 0.011260 0.032578
1 0.676436 0.212720 0.015098 0.021533
1 0.676587 0.289990 0.015576 0.021582
1 0.676587 0.421494 0.014971 0.119805
1 0.773486 0.473647 0.208887 0.015400
1 0.882373 0.416489 0.010840 0.286357
1 0.268452 0.028809 0.011533 0.057617
1 0.383643 0.007310 0.221582 0.007061
1 0.497656 0.027529 0.006445 0.055059
1 0.521426 0.204619 0.040527 0.006836
1 0.497754 0.232080 0.006641 0.242480
1 0.403369 0.258315 0.181934 0.006924
1 0.268340 0.250737 0.011484 0.099346
1 0.536270 0.496279 0.009980 0.065449
1 0.536191 0.374468 0.009980 0.042178
1 0.491035 0.356372 0.082090 0.005908
1 0.340576 0.356494 0.134473 0.006348
1 0.268145 0.381787 0.010840 0.056738
1 0.268208 0.516934 0.011143 0.011328
1 0.268291 0.499399 0.010938 0.026533
1 0.310532 0.517007 0.076338 0.011162
1 0.343115 0.535039 0.011133 0.048809
1 0.463433 0.845552 0.129990 0.011748
1 0.882075 0.845801 0.011299 0.011406
1 0.758735 0.845806 0.237979 0.011709
1 0.882036 0.781025 0.011533 0.121133
1 0.744761 0.391670 0.120439 0.010684
1 0.799800 0.341460 0.010459 0.110850
1 0.744927 0.291045 0.120518 0.010156
0 0.676533 0.331118 0.014902 0.060791
0 0.676548 0.251333 0.015596 0.055596
0 0.643848 0.204785 0.041992 0.006250
1 0.666895 0.204751 0.003906 0.005771
0 0.497754 0.082900 0.006836 0.055449
1 0.481313 0.307666 0.005498 0.091074
1 0.293154 0.258267 0.038242 0.007139
