1 0.201997 0.254927 0.010127 0.119443
1 0.177148 0.117920 0.286133 0.011230
1 0.120098 0.226489 0.015664 0.208740
1 0.303813 0.323604 0.021865 0.014590
1 0.381519 0.323228 0.021885 0.015264
1 0.384702 0.226450 0.015693 0.208564
1 0.382778 0.117495 0.019209 0.010771
1 0.386626 0.080225 0.011533 0.063379
1 0.441406 0.054360 0.121094 0.011260
1 0.709878 0.054062 0.308369 0.010664
1 0.868564 0.054141 0.010449 0.010547
1 0.868467 0.081318 0.010840 0.045371
1 0.868472 0.258169 0.010850 0.055654
1 0.868403 0.395186 0.010830 0.111055
1 0.759424 0.388677 0.209082 0.009951
1 0.745068 0.421025 0.007715 0.054746
1 0.671187 0.421841 0.006455 0.056182
1 0.758301 0.502393 0.209180 0.006738
1 0.671245 0.495835 0.006143 0.005928
1 0.568716 0.502319 0.057939 0.006396
1 0.586377 0.615771 0.006934 0.220215
1 0.594131 0.731499 0.116387 0.011377
1 0.343115 0.731592 0.098730 0.011621
1 0.212305 0.731646 0.056055 0.011143
1 0.237354 0.659180 0.006934 0.135156
1 0.237275 0.508643 0.006504 0.081152
1 0.361816 0.502393 0.242188 0.006934
1 0.389023 0.478760 0.006934 0.040918
1 0.335479 0.596309 0.006934 0.181016
1 0.094097 0.731641 0.026279 0.010742
1 0.058350 0.656528 0.049121 0.010713
1 0.076855 0.689258 0.011328 0.076562
1 0.076812 0.731855 0.011045 0.010352
1 0.097383 0.463770 0.066172 0.010352
1 0.219097 0.463789 0.042861 0.010352
1 0.774160 0.239443 0.179023 0.006465
1 0.548145 0.285991 0.158984 0.006729
1 0.624365 0.258936 0.006738 0.060645
1 0.624502 0.115527 0.006738 0.112500
1 0.431167 0.167070 0.080244 0.006738
1 0.868750 0.664741 0.011328 0.125186
1 0.830005 0.731655 0.068506 0.011240
1 0.868711 0.731768 0.010742 0.010840
1 0.570356 0.388525 0.054756 0.010059
1 0.446094 0.388516 0.109375 0.010059
1 0.389063 0.386162 0.006504 0.015898
1 0.252427 0.200269 0.111396 0.009717
1 0.213135 0.309819 0.032402 0.010537
1 0.302842 0.255420 0.010527 0.120801
1 0.172119 0.323091 0.119824 0.015713
2 0.870234 0.135298 0.014668 0.062314
2 0.870078 0.198418 0.014668 0.063906
2 0.868716 0.312812 0.012178 0.052891
2 0.868726 0.473779 0.011963 0.045605
2 0.868457 0.575161 0.011328 0.053311
2 0.691699 0.732764 0.077930 0.014355
2 0.763188 0.732812 0.064639 0.014355
2 0.431191 0.732881 0.076875 0.014355
2 0.502681 0.733145 0.066514 0.014355
2 0.266934 0.731802 0.053516 0.012236
2 0.126304 0.731753 0.037705 0.010771
2 0.164746 0.731753 0.038867 0.010967
2 0.016782 0.658320 0.033564 0.014355
2 0.346797 0.117593 0.052578 0.010381
2 0.528857 0.054204 0.053613 0.011338
1 0.560386 0.071968 0.008525 0.024502
1 0.588535 0.080571 0.064824 0.007295
1 0.488389 0.336387 0.011758 0.094062
1 0.399575 0.222388 0.007139 0.102881
1 0.433315 0.270464 0.074229 0.006826
1 0.467773 0.278252 0.005273 0.022754
1 0.431631 0.286650 0.077910 0.005957
1 0.466392 0.303540 0.006318 0.027822
1 0.472954 0.314214 0.019092 0.006826
0 0.624482 0.200234 0.006797 0.056699
1 0.582344 0.336167 0.017559 0.093779
0 0.521924 0.388413 0.041914 0.009990
0 0.626382 0.388628 0.056865 0.009932
1 0.809277 0.421353 0.006270 0.054893
1 0.801279 0.421040 0.005332 0.054893
1 0.805527 0.445674 0.014063 0.006152
1 0.773853 0.413604 0.049326 0.007715
1 0.684634 0.399780 0.006299 0.011904
1 0.681284 0.403008 0.013350 0.005449
0 0.671509 0.471333 0.006475 0.043135
0 0.625698 0.502300 0.055693 0.006670
0 0.511362 0.502349 0.056768 0.006826
0 0.389209 0.356611 0.006543 0.043145
1 0.389116 0.332944 0.006143 0.003916
0 0.342656 0.323223 0.055625 0.015371
0 0.262314 0.323228 0.060723 0.015361
0 0.237334 0.570342 0.006973 0.042129
2 0.016963 0.117441 0.033926 0.012246
1 0.100884 0.704463 0.006670 0.043105
1 0.093418 0.686143 0.021777 0.006465
