1 0.459829 0.079492 0.240498 0.013086
1 0.256543 0.249170 0.513086 0.029590
1 0.324287 0.228486 0.029199 0.011816
1 0.498213 0.537061 0.029824 0.545996
1 0.571680 0.799053 0.120703 0.022168
1 0.494692 0.866602 0.022197 0.117578
1 0.324009 0.054028 0.030244 0.107764
1 0.433970 0.914277 0.102412 0.022090
1 0.108599 0.914541 0.203311 0.022266
1 0.066655 0.476318 0.133311 0.013184
1 0.035698 0.464863 0.012803 0.013477
1 0.035742 0.309590 0.012891 0.095547
0 0.324355 0.165176 0.030664 0.113301
0 0.630908 0.079556 0.100957 0.016279
0 0.827319 0.079722 0.085107 0.016279
0 0.035596 0.407617 0.015918 0.099805
2 0.895146 0.798809 0.109434 0.020527
2 0.253052 0.914292 0.087061 0.020186
2 0.790117 0.798760 0.100547 0.020527
2 0.685742 0.798838 0.108203 0.020527
2 0.340132 0.914111 0.087061 0.020176
1 0.878550 0.079448 0.016475 0.012979
1 0.942578 0.082275 0.114844 0.006934
1 0.770752 0.079619 0.026855 0.012441
1 0.765283 0.036523 0.018848 0.073047
1 0.974238 0.798945 0.051523 0.021523
1 0.086670 0.036943 0.173340 0.028145
1 0.939746 0.038428 0.120508 0.007324
1 0.779712 0.261958 0.013154 0.074893
1 0.886475 0.214941 0.227051 0.019043
1 0.883057 0.054639 0.007520 0.039355
1 0.127422 0.687451 0.013281 0.435645
1 0.159360 0.011230 0.027900 0.022461
1 0.719307 0.079663 0.075449 0.012451
