1 0.766357 0.517427 0.170605 0.011611
1 0.602480 0.188174 0.175859 0.011660
1 0.685552 0.175811 0.010693 0.037363
1 0.778770 0.490776 0.011250 0.040479
1 0.811934 0.476421 0.077578 0.010635
2 0.503286 0.346270 0.022021 0.106133
2 0.503291 0.019980 0.022383 0.039961
1 0.930996 0.175439 0.138008 0.012383
0 0.856631 0.596338 0.010957 0.114102
1 0.856348 0.347832 0.010156 0.382461
1 0.839106 0.243262 0.023525 0.175781
1 0.814355 0.176108 0.040234 0.036846
1 0.757026 0.141284 0.485947 0.030166
1 0.503335 0.166445 0.022275 0.252812
1 0.541675 0.517334 0.054092 0.012422
1 0.503340 0.461499 0.022227 0.124092
1 0.262734 0.512129 0.503437 0.022695
1 0.006152 0.521250 0.012305 0.040508
1 0.005996 0.829360 0.011992 0.204619
1 0.282959 0.869175 0.543066 0.012236
1 0.560869 0.676353 0.157949 0.012744
1 0.561011 0.841016 0.013057 0.317969
1 0.714746 0.983198 0.295508 0.012607
1 0.856665 0.821167 0.011182 0.335596
1 0.814102 0.676221 0.073750 0.012598
0 0.625117 0.517358 0.112344 0.011748
