1 0.896992 0.073901 0.036152 0.022842
1 0.065117 0.073628 0.130234 0.022900
1 0.350127 0.073618 0.212695 0.022881
1 0.469302 0.283594 0.030107 0.442578
1 0.446636 0.192334 0.007334 0.214941
1 0.429204 0.295703 0.042178 0.008145
1 0.412187 0.332778 0.008145 0.082295
1 0.392139 0.384277 0.128223 0.022227
1 0.135708 0.384463 0.153643 0.022227
1 0.094946 0.170947 0.008057 0.175879
1 0.078774 0.254971 0.040752 0.007539
1 0.048779 0.167036 0.008301 0.168271
1 0.051616 0.384722 0.013564 0.266689
1 0.029214 0.510903 0.058428 0.014131
1 0.165005 0.649375 0.181318 0.023203
1 0.080435 0.829551 0.013584 0.340898
1 0.469434 0.809761 0.030469 0.380479
1 0.413125 0.649419 0.086250 0.021787
1 0.741396 0.645864 0.517207 0.029990
1 0.869429 0.665474 0.013213 0.012783
1 0.869614 0.779536 0.012705 0.014365
1 0.864551 0.792080 0.211914 0.013457
1 0.765459 0.892651 0.014004 0.214697
1 0.674414 0.256299 0.028125 0.071191
1 0.787988 0.234888 0.255273 0.028369
1 0.901621 0.339941 0.028105 0.238477
1 0.788359 0.445063 0.254844 0.028135
1 0.770796 0.073979 0.220498 0.022881
0 0.312852 0.649795 0.113906 0.022910
0 0.469727 0.561958 0.029688 0.114756
0 0.270425 0.384570 0.115791 0.021680
0 0.869727 0.721572 0.013867 0.100410
0 0.985313 0.792627 0.029375 0.014355
2 0.957690 0.073843 0.084619 0.025654
2 0.542764 0.073843 0.116953 0.021104
2 0.631216 0.074077 0.059248 0.020908
2 0.187573 0.073477 0.114893 0.022910
