2 0.464800 0.058057 0.114365 0.021973
1 0.364771 0.947319 0.022549 0.061025
1 0.327617 0.785596 0.096855 0.013574
1 0.076709 0.925762 0.153418 0.014375
1 0.160186 0.889502 0.014121 0.220996
1 0.165815 0.785518 0.025811 0.013027
1 0.298818 0.665620 0.014219 0.226768
1 0.186416 0.545142 0.372832 0.014268
1 0.088096 0.058574 0.176191 0.023184
1 0.349331 0.058735 0.118779 0.023916
1 0.726353 0.058467 0.410576 0.022715
1 0.940337 0.065601 0.022021 0.037197
1 0.940430 0.132690 0.022266 0.102158
1 0.940415 0.407134 0.022393 0.219521
1 0.940396 0.673447 0.023037 0.142520
1 0.940479 0.947065 0.022754 0.062002
1 0.730127 0.987554 0.443848 0.024893
1 0.537827 0.970586 0.022725 0.014043
1 0.537646 0.764844 0.022949 0.198047
1 0.537793 0.490732 0.023047 0.180273
1 0.689785 0.405713 0.285039 0.013770
2 0.940884 0.860444 0.021416 0.113057
2 0.940957 0.774175 0.021426 0.059678
2 0.940732 0.559658 0.022090 0.086113
2 0.940635 0.240811 0.022285 0.114629
1 0.374224 0.987754 0.040791 0.024492
2 0.233423 0.058574 0.114365 0.021973
0 0.538159 0.623315 0.021865 0.084131
0 0.537622 0.914038 0.021865 0.099756
0 0.228906 0.785449 0.099219 0.015625
0 0.452944 0.987402 0.115068 0.025195
0 0.875190 0.405908 0.085928 0.015723
1 0.924878 0.405747 0.013818 0.013311
1 0.642979 0.426270 0.007285 0.030859
1 0.685293 0.437583 0.091914 0.008135
1 0.735376 0.548110 0.008350 0.271162
1 0.781357 0.548291 0.008125 0.271582
1 0.739360 0.690425 0.384580 0.014443
1 0.595220 0.710273 0.097451 0.007695
1 0.639595 0.705952 0.008955 0.016650
