2 0.382344 0.419155 0.159355 0.026670
1 0.573579 0.368574 0.010850 0.075391
2 0.237661 0.418501 0.130146 0.026670
0 0.771226 0.094658 0.012783 0.084883
2 0.916450 0.416577 0.077822 0.021650
2 0.977822 0.416577 0.044355 0.022275
1 0.586060 0.337275 0.034971 0.014902
1 0.598545 0.367490 0.010059 0.075391
1 0.575000 0.165269 0.013281 0.330537
1 0.073921 0.203169 0.014053 0.406338
1 0.086855 0.416997 0.173711 0.022510
1 0.771206 0.026074 0.012529 0.052148
1 0.771304 0.271802 0.012764 0.268896
1 0.821294 0.417119 0.111982 0.021641
1 0.559624 0.417515 0.197373 0.021416
