2 0.580845 0.382344 0.026670 0.159355
1 0.631426 0.573579 0.075391 0.010850
2 0.581499 0.237661 0.026670 0.130146
0 0.905342 0.771226 0.084883 0.012783
2 0.583423 0.916450 0.021650 0.077822
2 0.583423 0.977822 0.022275 0.044355
1 0.662725 0.586060 0.014902 0.034971
1 0.632510 0.598545 0.075391 0.010059
1 0.834731 0.575000 0.330537 0.013281
1 0.796831 0.073921 0.406338 0.014053
1 0.583003 0.086855 0.022510 0.173711
1 0.973926 0.771206 0.052148 0.012529
1 0.728198 0.771304 0.268896 0.012764
1 0.582881 0.821294 0.021641 0.111982
1 0.582485 0.559624 0.021416 0.197373
