2 0.811357 0.132910 0.115488 0.021875
1 0.842236 0.550078 0.315527 0.014883
1 0.146558 0.463379 0.076650 0.013867
1 0.504019 0.653193 0.013857 0.011914
1 0.503809 0.471094 0.013867 0.179102
1 0.385195 0.463418 0.227461 0.013203
1 0.339604 0.563911 0.007295 0.189541
1 0.293374 0.563428 0.007295 0.189160
1 0.247104 0.665405 0.277217 0.013818
1 0.389961 0.680044 0.007969 0.043877
1 0.443701 0.662246 0.099512 0.008164
1 0.442920 0.697305 0.097559 0.009102
1 0.501221 0.753755 0.019238 0.190127
1 0.500981 0.955913 0.018428 0.013994
1 0.315391 0.975518 0.414531 0.030098
1 0.099312 0.948721 0.022725 0.083418
1 0.099194 0.654551 0.022686 0.161602
1 0.099014 0.415610 0.022695 0.146455
1 0.098799 0.139751 0.022578 0.037100
1 0.098926 0.192041 0.022461 0.072363
1 0.316035 0.132651 0.415664 0.023115
1 0.696274 0.132524 0.117939 0.023213
1 0.934521 0.132617 0.130957 0.022656
2 0.579663 0.132578 0.114795 0.022676
0 0.228101 0.463057 0.085908 0.014258
0 0.504360 0.603960 0.013760 0.086318
0 0.821333 0.817368 0.100498 0.013271
0 0.820503 0.966318 0.100166 0.013887
1 0.727964 0.965967 0.085576 0.013926
0 0.579326 0.975293 0.113223 0.030859
0 0.500493 0.899009 0.018213 0.100791
2 0.099536 0.877715 0.021670 0.060977
2 0.099961 0.791211 0.023320 0.111523
2 0.098989 0.531211 0.021670 0.086602
2 0.099160 0.285962 0.021660 0.115186
1 0.674814 0.683760 0.023809 0.279551
1 0.727305 0.817461 0.086836 0.014023
1 0.935693 0.965801 0.128613 0.014687
1 0.889839 0.884316 0.014639 0.148281
1 0.877100 0.817314 0.010723 0.013730
1 0.661504 0.975854 0.049004 0.029541
1 0.671123 0.995327 0.029766 0.009346
