2 0.094219 0.556685 0.021328 0.059678
2 0.094229 0.468696 0.021348 0.117842
2 0.094941 0.909619 0.022246 0.136289
1 0.094844 0.053848 0.022832 0.107695
1 0.094941 0.330762 0.022812 0.103125
1 0.301245 0.394629 0.435791 0.029687
1 0.643052 0.394429 0.016768 0.029365
1 0.657017 0.232710 0.013506 0.074971
1 0.825444 0.284424 0.349111 0.030566
1 0.666021 0.634619 0.031592 0.730762
1 0.646797 0.988735 0.011953 0.022529
1 0.717891 0.852002 0.076563 0.013379
1 0.862671 0.852036 0.012998 0.012881
1 0.874771 0.987705 0.012881 0.024590
1 0.731978 0.041748 0.013779 0.083496
1 0.277090 0.599849 0.071406 0.028232
1 0.255610 0.713877 0.028721 0.256465
1 0.360776 0.827656 0.238936 0.029160
1 0.465850 0.713979 0.028379 0.256221
1 0.304731 0.988540 0.442295 0.022920
1 0.094810 0.822388 0.022100 0.036865
1 0.094873 0.696060 0.021973 0.220381
1 0.933789 0.626968 0.132422 0.014150
1 0.874868 0.747676 0.014463 0.255430
1 0.694678 0.076240 0.088770 0.014180
1 0.656748 0.081602 0.012793 0.024902
1 0.498901 0.033911 0.019248 0.067822
1 0.498975 0.274805 0.019629 0.213477
0 0.583296 0.988940 0.112881 0.022119
0 0.875127 0.925591 0.013789 0.099814
0 0.805986 0.851895 0.099395 0.012930
0 0.656909 0.144624 0.013330 0.101494
0 0.576709 0.394355 0.114863 0.029629
0 0.498687 0.117866 0.019307 0.100029
2 0.094375 0.250342 0.022344 0.060137
2 0.094321 0.164009 0.022666 0.112373
