1 0.911265 0.817446 0.047646 0.012568
1 0.086567 0.418779 0.123154 0.022480
1 0.137134 0.677646 0.021924 0.540215
1 0.201758 0.935938 0.151172 0.022461
1 0.578242 0.936670 0.231602 0.022480
1 0.567896 0.747134 0.013623 0.359111
1 0.635381 0.837021 0.121211 0.012227
1 0.607876 0.593594 0.066729 0.011719
1 0.892646 0.936865 0.214258 0.021387
1 0.838965 0.814399 0.105918 0.013604
1 0.856426 0.383477 0.173008 0.013652
1 0.761445 0.593481 0.017539 0.011182
1 0.896299 0.226694 0.185566 0.022588
1 0.896831 0.108013 0.012549 0.216025
1 0.515869 0.124834 0.031934 0.249668
1 0.608838 0.226592 0.160840 0.022715
1 0.339111 0.422988 0.383496 0.030938
1 0.515469 0.386475 0.030137 0.044238
1 0.552637 0.432397 0.043633 0.013135
1 0.568022 0.438691 0.011611 0.025723
1 0.171563 0.211157 0.065078 0.018857
1 0.149512 0.110293 0.018164 0.220586
1 0.351772 0.110293 0.018213 0.220586
2 0.739443 0.936426 0.091328 0.022266
0 0.696875 0.593730 0.110938 0.011758
1 0.969331 0.691597 0.061338 0.010264
1 0.943867 0.806299 0.010547 0.239746
1 0.928467 0.868691 0.012793 0.115156
1 0.894023 0.705806 0.012422 0.231553
1 0.835034 0.596104 0.130908 0.012207
1 0.775254 0.582500 0.011230 0.039219
1 0.799116 0.568457 0.059170 0.011621
1 0.823179 0.497544 0.011338 0.153350
1 0.799058 0.426831 0.059307 0.011670
1 0.775669 0.411558 0.012139 0.042412
1 0.844434 0.481909 0.012031 0.182568
1 0.888911 0.566899 0.100674 0.012412
1 0.932437 0.619087 0.013311 0.116475
1 0.962881 0.670854 0.074238 0.012627
0 0.971558 0.383535 0.056885 0.013770
0 0.994580 0.226699 0.010840 0.022480
0 0.746230 0.226792 0.113594 0.022725
0 0.568018 0.509790 0.012012 0.116084
0 0.516274 0.306992 0.032334 0.114629
1 0.611118 0.884351 0.014775 0.081025
2 0.314849 0.936890 0.074971 0.023486
2 0.406909 0.935913 0.108877 0.023369
