1 0.531416 0.534077 0.121074 0.018818
1 0.851416 0.739155 0.297168 0.016982
1 0.929727 0.825747 0.017266 0.190713
1 0.843276 0.928096 0.313447 0.017559
1 0.843667 0.467944 0.312666 0.016514
1 0.387749 0.345151 0.016377 0.170479
1 0.351348 0.267432 0.702695 0.016895
1 0.694829 0.598232 0.015732 0.677324
1 0.209922 0.891309 0.016328 0.132656
1 0.452490 0.833071 0.501855 0.016553
1 0.243604 0.965972 0.487207 0.016553
1 0.793574 0.019419 0.412852 0.016904
1 0.595605 0.135518 0.016914 0.246504
1 0.344546 0.648325 0.689092 0.016357
1 0.462559 0.528589 0.015742 0.227725
1 0.425737 0.422603 0.091631 0.016865
