1 0.600146 0.117578 0.013125 0.017598
1 0.083418 0.031797 0.031680 0.063594
1 0.049473 0.048701 0.098945 0.030410
1 0.382373 0.100635 0.144453 0.020605
1 0.447935 0.045117 0.014365 0.090234
1 0.595933 0.048584 0.022529 0.097168
1 0.579648 0.103794 0.054590 0.013896
1 0.600376 0.234668 0.013428 0.015977
1 0.552231 0.252212 0.105908 0.022881
1 0.734463 0.256309 0.258418 0.013789
1 0.873530 0.435186 0.023096 0.369082
1 0.869678 0.628330 0.030957 0.022832
1 0.803086 0.628350 0.107090 0.022988
1 0.407915 0.628398 0.224033 0.023594
1 0.090649 0.628149 0.067783 0.023525
1 0.068706 0.659043 0.023838 0.085313
1 0.040313 0.711899 0.080625 0.023525
1 0.355557 0.251919 0.088184 0.023564
1 0.873511 0.068633 0.023955 0.137266
0 0.449561 0.251685 0.098730 0.024678
0 0.509209 0.103110 0.084687 0.016631
1 0.460513 0.103452 0.011514 0.013857
0 0.599736 0.176367 0.016797 0.099980
2 0.874146 0.192744 0.022256 0.115020
2 0.692227 0.630029 0.114492 0.023145
2 0.577451 0.630083 0.114824 0.023057
2 0.240142 0.629155 0.111338 0.021982
2 0.154800 0.629009 0.059854 0.022275
