1 0.540171 0.920508 0.240498 0.013086
1 0.743457 0.750830 0.513086 0.029590
1 0.675713 0.771514 0.029199 0.011816
1 0.501787 0.462939 0.029824 0.545996
1 0.428320 0.200947 0.120703 0.022168
1 0.505308 0.133398 0.022197 0.117578
1 0.675991 0.945972 0.030244 0.107764
1 0.566030 0.085723 0.102412 0.022090
1 0.891401 0.085459 0.203311 0.022266
1 0.933345 0.523682 0.133311 0.013184
1 0.964302 0.535137 0.012803 0.013477
1 0.964258 0.690410 0.012891 0.095547
0 0.675645 0.834824 0.030664 0.113301
0 0.369092 0.920444 0.100957 0.016279
0 0.172681 0.920278 0.085107 0.016279
0 0.964404 0.592383 0.015918 0.099805
2 0.104854 0.201191 0.109434 0.020527
2 0.746948 0.085708 0.087061 0.020186
2 0.209883 0.201240 0.100547 0.020527
2 0.314258 0.201162 0.108203 0.020527
2 0.659868 0.085889 0.087061 0.020176
1 0.121450 0.920552 0.016475 0.012979
1 0.057422 0.917725 0.114844 0.006934
1 0.229248 0.920381 0.026855 0.012441
1 0.234717 0.963477 0.018848 0.073047
1 0.025762 0.201055 0.051523 0.021523
1 0.913330 0.963057 0.173340 0.028145
1 0.060254 0.961572 0.120508 0.007324
1 0.220288 0.738042 0.013154 0.074893
1 0.113525 0.785059 0.227051 0.019043
1 0.116943 0.945361 0.007520 0.039355
1 0.872578 0.312549 0.013281 0.435645
1 0.840640 0.988770 0.027900 0.022461
1 0.280693 0.920337 0.075449 0.012451
