2 0.105640 0.315000 0.022764 0.108437
0 0.617729 0.593135 0.029795 0.114805
1 0.271538 0.534424 0.309072 0.010566
0 0.538369 0.509580 0.099883 0.010957
1 0.241880 0.840225 0.012412 0.033203
2 0.106274 0.222827 0.023838 0.074971
1 0.886953 0.702271 0.062422 0.017881
1 0.909067 0.812065 0.018818 0.237412
1 0.808203 0.921519 0.219922 0.018506
1 0.707617 0.811328 0.018750 0.238555
1 0.596167 0.509326 0.015576 0.011504
1 0.106143 0.127295 0.023320 0.115918
1 0.105776 0.492783 0.022256 0.246855
1 0.302490 0.509570 0.371973 0.010937
1 0.955850 0.080249 0.088301 0.021924
1 0.935571 0.312021 0.029170 0.446699
1 0.975146 0.509619 0.049707 0.011914
1 0.343437 0.585605 0.012148 0.092383
1 0.431621 0.579961 0.010508 0.128867
1 0.368677 0.079844 0.546729 0.021602
1 0.105908 0.861230 0.022559 0.277539
1 0.251289 0.863159 0.271094 0.012627
2 0.855615 0.080083 0.111816 0.021416
2 0.720850 0.080112 0.157324 0.021631
0 0.935532 0.592642 0.029072 0.113936
1 0.432178 0.861025 0.010742 0.207246
1 0.410469 0.958735 0.054141 0.011240
1 0.388706 0.910352 0.010850 0.107617
1 0.395200 0.860952 0.016025 0.010146
1 0.397939 0.810210 0.010957 0.111631
1 0.409590 0.760825 0.034219 0.013154
1 0.431855 0.749585 0.011152 0.014990
0 0.431777 0.693159 0.011055 0.097471
2 0.105586 0.669429 0.022227 0.105674
1 0.130718 0.724365 0.026475 0.012344
1 0.138037 0.776392 0.011270 0.116162
1 0.190205 0.829292 0.115684 0.011338
1 0.617437 0.312012 0.028818 0.447070
1 0.617847 0.686509 0.028955 0.071807
1 0.648716 0.707300 0.090693 0.030225
1 0.680547 0.827979 0.029141 0.271191
1 0.628936 0.957393 0.074551 0.012754
1 0.832764 0.948613 0.334473 0.030234
1 0.936187 0.792168 0.028975 0.284219
