0 0.394360 0.800459 0.030068 0.114336
1 0.713735 0.912056 0.256377 0.028350
1 0.331094 0.078032 0.108613 0.024033
1 0.288477 0.092231 0.023691 0.052275
1 0.284746 0.421289 0.031406 0.610547
1 0.634570 0.711475 0.730859 0.030566
1 0.394355 0.733779 0.029570 0.018555
1 0.988745 0.731211 0.022510 0.012773
1 0.233169 0.721157 0.076689 0.013604
1 0.672661 0.077588 0.234111 0.023926
1 0.980127 0.077935 0.039746 0.023232
1 0.626968 0.298682 0.015088 0.423535
1 0.746772 0.503115 0.254697 0.014824
1 0.851855 0.514766 0.012852 0.013613
1 0.987646 0.502959 0.024707 0.013730
1 0.394746 0.929028 0.030430 0.141943
1 0.274707 0.879189 0.213086 0.019961
1 0.033911 0.878916 0.067822 0.019512
1 0.081665 0.721328 0.024854 0.013594
1 0.076152 0.683643 0.014219 0.088965
1 0.041636 0.646191 0.083271 0.014023
1 0.192915 0.127124 0.158760 0.023408
1 0.827466 0.948877 0.029033 0.102246
1 0.988428 0.925977 0.023145 0.148047
0 0.144575 0.721406 0.100537 0.013301
2 0.026885 0.126968 0.053770 0.022100
2 0.084248 0.127397 0.060879 0.022100
2 0.513447 0.077529 0.085293 0.022109
2 0.427212 0.078022 0.085225 0.022100
2 0.915918 0.078022 0.088672 0.022100
2 0.830674 0.078149 0.081309 0.022100
0 0.924556 0.502803 0.101025 0.014199
0 0.852036 0.571753 0.013682 0.099912
1 0.852290 0.658994 0.013213 0.074961
0 0.117861 0.879741 0.099785 0.018818
