1 0.920508 0.459829 0.013086 0.240498
1 0.750830 0.256543 0.029590 0.513086
1 0.771514 0.324287 0.011816 0.029199
1 0.462939 0.498213 0.545996 0.029824
1 0.200947 0.571680 0.022168 0.120703
1 0.133398 0.494692 0.117578 0.022197
1 0.945972 0.324009 0.107764 0.030244
1 0.085723 0.433970 0.022090 0.102412
1 0.085459 0.108599 0.022266 0.203311
1 0.523682 0.066655 0.013184 0.133311
1 0.535137 0.035698 0.013477 0.012803
1 0.690410 0.035742 0.095547 0.012891
0 0.834824 0.324355 0.113301 0.030664
0 0.920444 0.630908 0.016279 0.100957
0 0.920278 0.827319 0.016279 0.085107
0 0.592383 0.035596 0.099805 0.015918
2 0.201191 0.895146 0.020527 0.109434
2 0.085708 0.253052 0.020186 0.087061
2 0.201240 0.790117 0.020527 0.100547
2 0.201162 0.685742 0.020527 0.108203
2 0.085889 0.340132 0.020176 0.087061
1 0.920552 0.878550 0.012979 0.016475
1 0.917725 0.942578 0.006934 0.114844
1 0.920381 0.770752 0.012441 0.026855
1 0.963477 0.765283 0.073047 0.018848
1 0.201055 0.974238 0.021523 0.051523
1 0.963057 0.086670 0.028145 0.173340
1 0.961572 0.939746 0.007324 0.120508
1 0.738042 0.779712 0.074893 0.013154
1 0.785059 0.886475 0.019043 0.227051
1 0.945361 0.883057 0.039355 0.007520
1 0.312549 0.127422 0.435645 0.013281
1 0.988770 0.159360 0.022461 0.027900
1 0.920337 0.719307 0.012451 0.075449
