0 0.641738 0.531689 0.098164 0.012676
0 0.633545 0.364141 0.099512 0.012109
2 0.759043 0.073062 0.090391 0.022373
2 0.076665 0.383330 0.022588 0.108652
2 0.076543 0.291504 0.023281 0.074219
2 0.077012 0.781758 0.023438 0.107305
2 0.077129 0.924590 0.022969 0.074980
2 0.077246 0.981274 0.023203 0.037451
0 0.847007 0.554199 0.084443 0.011914
1 0.690283 0.166572 0.031680 0.106309
1 0.637563 0.099609 0.137432 0.032266
1 0.902109 0.072769 0.195781 0.022490
1 0.389648 0.072510 0.648242 0.021973
1 0.077051 0.157837 0.022461 0.193018
1 0.076680 0.582646 0.022461 0.290566
1 0.077134 0.861108 0.022490 0.052100
1 0.944658 0.554150 0.110684 0.011816
1 0.340234 0.531738 0.504687 0.012695
1 0.574526 0.572007 0.011553 0.068076
1 0.530400 0.720415 0.100527 0.012295
1 0.574917 0.710273 0.010459 0.007969
1 0.898149 0.712563 0.203701 0.023896
1 0.756548 0.554443 0.095908 0.010645
1 0.860342 0.363940 0.279316 0.013857
1 0.951216 0.411802 0.096572 0.011338
1 0.562925 0.226367 0.011650 0.287305
1 0.570410 0.363970 0.026621 0.012100
1 0.701826 0.363799 0.036953 0.012090
1 0.699780 0.531763 0.017412 0.012881
1 0.714395 0.458799 0.011719 0.201973
1 0.911118 0.394175 0.018057 0.046611
1 0.459604 0.632290 0.040322 0.185361
0 0.574546 0.656104 0.011650 0.100293
