1 0.145718 0.364404 0.127373 0.012207
1 0.158149 0.498701 0.015596 0.260801
1 0.277446 0.621777 0.254092 0.015234
1 0.396777 0.682070 0.015625 0.135859
1 0.427891 0.753159 0.015430 0.037666
1 0.412163 0.742036 0.046592 0.015732
1 0.422783 0.617109 0.036465 0.005898
1 0.610635 0.664829 0.134746 0.007061
1 0.564771 0.804116 0.006475 0.047607
1 0.520947 0.806387 0.006348 0.063008
1 0.586035 0.841118 0.184180 0.006494
1 0.683613 0.849272 0.011367 0.123213
1 0.683525 0.604575 0.012051 0.260127
1 0.663604 0.480015 0.051914 0.010986
1 0.454160 0.480029 0.044980 0.011230
1 0.437041 0.475771 0.010645 0.019727
1 0.406143 0.364302 0.072480 0.011650
1 0.436904 0.366924 0.011113 0.016836
1 0.683350 0.382129 0.012598 0.048047
1 0.268564 0.700386 0.015449 0.142354
1 0.382891 0.690249 0.010117 0.119365
1 0.615918 0.676484 0.007207 0.015957
1 0.332422 0.635215 0.110742 0.009648
1 0.439063 0.841221 0.006152 0.006543
0 0.468081 0.841157 0.051807 0.006650
0 0.427891 0.799229 0.015273 0.054609
0 0.064961 0.662305 0.006504 0.042656
1 0.030898 0.740083 0.061797 0.006143
1 0.030898 0.718789 0.061797 0.006094
0 0.065156 0.809648 0.006094 0.042598
0 0.162378 0.841055 0.056572 0.006348
0 0.268662 0.800361 0.015254 0.057480
1 0.141558 0.593286 0.007842 0.099775
1 0.199116 0.639868 0.122959 0.006611
1 0.134590 0.520845 0.006895 0.024717
1 0.065835 0.531021 0.006572 0.010889
1 0.099746 0.529375 0.075117 0.006934
1 0.140937 0.512334 0.018867 0.007617
1 0.135693 0.414507 0.006934 0.087861
1 0.141118 0.454976 0.017783 0.006201
2 0.055957 0.364580 0.052148 0.012305
2 0.351133 0.364395 0.037227 0.012305
2 0.302529 0.364346 0.059785 0.012305
2 0.240918 0.364355 0.062891 0.012305
2 0.438022 0.453291 0.014717 0.024863
2 0.438145 0.407959 0.014531 0.064941
2 0.524424 0.478760 0.094746 0.013770
2 0.604854 0.479053 0.064980 0.013770
1 0.282051 0.690161 0.010117 0.119189
1 0.293267 0.745034 0.032900 0.009795
1 0.641924 0.680757 0.059238 0.007412
1 0.668013 0.706973 0.006924 0.059453
1 0.670947 0.733369 0.013184 0.006309
1 0.537686 0.691172 0.007051 0.055840
1 0.529414 0.715571 0.024121 0.007588
1 0.520884 0.666094 0.007061 0.106543
1 0.531235 0.616084 0.027939 0.006484
1 0.541865 0.640688 0.007090 0.055693
1 0.520791 0.721553 0.006836 0.004687
0 0.520815 0.749414 0.006475 0.050684
1 0.600498 0.828311 0.153262 0.006719
2 0.683467 0.938579 0.011914 0.054893
2 0.683457 0.983096 0.011914 0.033809
2 0.683457 0.761040 0.011914 0.052744
1 0.427905 0.913301 0.015811 0.173398
1 0.268560 0.914531 0.015439 0.170937
1 0.226025 0.841099 0.070527 0.006279
1 0.066992 0.841221 0.133984 0.005957
1 0.065103 0.834590 0.006182 0.007187
1 0.065068 0.736060 0.006113 0.104463
1 0.064995 0.634761 0.006201 0.012256
1 0.034126 0.623350 0.068252 0.011504
1 0.141094 0.659658 0.006777 0.038496
1 0.075811 0.540337 0.151621 0.007139
1 0.014810 0.364355 0.029619 0.011660
