1 0.569370 0.466748 0.007412 0.171582
1 0.283301 0.374805 0.566602 0.015723
1 0.196221 0.466836 0.007871 0.169980
1 0.546279 0.559326 0.137715 0.015723
1 0.287988 0.559463 0.191602 0.015996
1 0.200020 0.581558 0.015723 0.059639
1 0.199883 0.679414 0.015996 0.007578
1 0.237256 0.691689 0.474512 0.016387
0 0.410366 0.559590 0.053877 0.016191
0 0.457227 0.559580 0.039922 0.016582
0 0.685493 0.039043 0.015342 0.056484
0 0.799868 0.089873 0.042354 0.006270
1 0.863711 0.106074 0.047969 0.007168
1 0.842881 0.101196 0.006543 0.016787
0 0.963208 0.464937 0.058311 0.015693
0 0.920039 0.607275 0.015820 0.065312
0 0.200005 0.643306 0.016104 0.065283
1 0.721631 0.680459 0.015820 0.037988
1 0.199082 0.301577 0.003965 0.132471
1 0.721650 0.898306 0.016074 0.024053
0 0.642739 0.559385 0.056357 0.015410
1 0.674175 0.375083 0.006670 0.015732
0 0.642725 0.374775 0.058086 0.016035
0 0.685508 0.251230 0.015547 0.057910
0 0.453447 0.332666 0.016465 0.059102
0 0.268550 0.233457 0.050771 0.004355
0 0.294077 0.161680 0.050322 0.004355
0 0.092754 0.161758 0.050762 0.004355
0 0.115190 0.233550 0.050771 0.004365
1 0.818291 0.334961 0.007969 0.248242
1 0.919844 0.644331 0.015332 0.008799
1 0.996191 0.465024 0.007617 0.015029
1 0.996074 0.334277 0.007852 0.248633
1 0.846914 0.206685 0.306172 0.007705
1 0.685547 0.005322 0.015137 0.010645
1 0.735840 0.089727 0.085547 0.006230
1 0.854785 0.089834 0.067188 0.006230
1 0.893564 0.094043 0.011738 0.188086
1 0.838872 0.194531 0.322256 0.015234
1 0.685493 0.134849 0.015322 0.135049
1 0.685625 0.211914 0.015586 0.021191
1 0.685386 0.416123 0.015127 0.273066
1 0.795156 0.465430 0.235039 0.014297
1 0.923477 0.464878 0.022773 0.015732
1 0.919932 0.516177 0.015723 0.118193
1 0.838965 0.654834 0.322070 0.015449
1 0.682158 0.559414 0.021953 0.015449
1 0.685410 0.607261 0.015449 0.111143
1 0.445151 0.098145 0.009678 0.087305
1 0.480591 0.059536 0.080518 0.009834
1 0.521826 0.146582 0.119238 0.009277
1 0.466733 0.197271 0.009443 0.110947
1 0.522002 0.247461 0.119785 0.010156
1 0.575596 0.236113 0.012598 0.032930
1 0.520850 0.260845 0.121387 0.015928
1 0.453501 0.222656 0.016162 0.161719
1 0.415996 0.149199 0.091172 0.014766
1 0.377681 0.078174 0.014951 0.156348
1 0.341436 0.161733 0.044785 0.004404
1 0.323535 0.233511 0.059570 0.004404
1 0.351494 0.299219 0.003965 0.135938
1 0.205957 0.079736 0.004277 0.159473
1 0.047842 0.079785 0.004277 0.159570
1 0.033789 0.161714 0.067578 0.004482
1 0.193604 0.161733 0.150488 0.004463
1 0.191709 0.233437 0.102715 0.003984
1 0.044873 0.233325 0.089746 0.004248
1 0.046870 0.301304 0.004287 0.132100
1 0.589692 0.374971 0.048604 0.015586
