1 0.646509 0.214033 0.060908 0.022402
0 0.072109 0.674712 0.014570 0.101807
0 0.222124 0.674985 0.013252 0.100127
0 0.335244 0.908931 0.028633 0.112861
0 0.017075 0.992783 0.034150 0.014434
0 0.259351 0.992710 0.100596 0.014287
0 0.942627 0.674795 0.014551 0.100527
0 0.932842 0.916948 0.029863 0.113721
1 0.972563 0.127334 0.054873 0.022676
1 0.936421 0.160508 0.022705 0.089375
1 0.347065 0.213965 0.080088 0.022266
1 0.318672 0.160547 0.022891 0.089063
1 0.292661 0.127207 0.034658 0.022754
1 0.131201 0.127578 0.060391 0.022578
1 0.312554 0.418164 0.014365 0.390625
1 0.192588 0.606323 0.254512 0.014170
1 0.222217 0.618853 0.012773 0.011025
1 0.072188 0.618853 0.013672 0.010615
1 0.072041 0.768882 0.013555 0.086748
1 0.222021 0.768726 0.013379 0.087256
1 0.932983 0.987021 0.029580 0.025957
1 0.038823 0.821050 0.077646 0.022568
1 0.121606 0.992026 0.174111 0.013350
1 0.269297 0.821157 0.106719 0.022471
1 0.335342 0.845820 0.029355 0.011348
1 0.335146 0.982915 0.029668 0.034170
1 0.315864 0.992305 0.012861 0.013008
2 0.050869 0.127290 0.101738 0.022822
2 0.218330 0.127290 0.115762 0.022822
2 0.430269 0.214028 0.086143 0.022822
2 0.516021 0.214028 0.086143 0.022822
2 0.719282 0.213843 0.085439 0.022822
1 0.634033 0.824961 0.626855 0.030391
1 0.932974 0.834868 0.029561 0.049404
1 0.942412 0.768555 0.013926 0.086895
1 0.975000 0.606309 0.050000 0.014375
1 0.942456 0.423564 0.014756 0.401309
1 0.898057 0.213848 0.099434 0.022695
2 0.805068 0.213853 0.086152 0.022822
1 0.603789 0.506299 0.030430 0.607129
1 0.574766 0.214111 0.032539 0.022559
