0 0.605640 0.199541 0.030068 0.114336
1 0.286265 0.087944 0.256377 0.028350
1 0.668906 0.921968 0.108613 0.024033
1 0.711523 0.907769 0.023691 0.052275
1 0.715254 0.578711 0.031406 0.610547
1 0.365430 0.288525 0.730859 0.030566
1 0.605645 0.266221 0.029570 0.018555
1 0.011255 0.268789 0.022510 0.012773
1 0.766831 0.278843 0.076689 0.013604
1 0.327339 0.922412 0.234111 0.023926
1 0.019873 0.922065 0.039746 0.023232
1 0.373032 0.701318 0.015088 0.423535
1 0.253228 0.496885 0.254697 0.014824
1 0.148145 0.485234 0.012852 0.013613
1 0.012354 0.497041 0.024707 0.013730
1 0.605254 0.070972 0.030430 0.141943
1 0.725293 0.120811 0.213086 0.019961
1 0.966089 0.121084 0.067822 0.019512
1 0.918335 0.278672 0.024854 0.013594
1 0.923848 0.316357 0.014219 0.088965
1 0.958364 0.353809 0.083271 0.014023
1 0.807085 0.872876 0.158760 0.023408
1 0.172534 0.051123 0.029033 0.102246
1 0.011572 0.074023 0.023145 0.148047
0 0.855425 0.278594 0.100537 0.013301
2 0.973115 0.873032 0.053770 0.022100
2 0.915752 0.872603 0.060879 0.022100
2 0.486553 0.922471 0.085293 0.022109
2 0.572788 0.921978 0.085225 0.022100
2 0.084082 0.921978 0.088672 0.022100
2 0.169326 0.921851 0.081309 0.022100
0 0.075444 0.497197 0.101025 0.014199
0 0.147964 0.428247 0.013682 0.099912
1 0.147710 0.341006 0.013213 0.074961
0 0.882139 0.120259 0.099785 0.018818
