1 0.214033 0.646509 0.022402 0.060908
0 0.674712 0.072109 0.101807 0.014570
0 0.674985 0.222124 0.100127 0.013252
0 0.908931 0.335244 0.112861 0.028633
0 0.992783 0.017075 0.014434 0.034150
0 0.992710 0.259351 0.014287 0.100596
0 0.674795 0.942627 0.100527 0.014551
0 0.916948 0.932842 0.113721 0.029863
1 0.127334 0.972563 0.022676 0.054873
1 0.160508 0.936421 0.089375 0.022705
1 0.213965 0.347065 0.022266 0.080088
1 0.160547 0.318672 0.089063 0.022891
1 0.127207 0.292661 0.022754 0.034658
1 0.127578 0.131201 0.022578 0.060391
1 0.418164 0.312554 0.390625 0.014365
1 0.606323 0.192588 0.014170 0.254512
1 0.618853 0.222217 0.011025 0.012773
1 0.618853 0.072188 0.010615 0.013672
1 0.768882 0.072041 0.086748 0.013555
1 0.768726 0.222021 0.087256 0.013379
1 0.987021 0.932983 0.025957 0.029580
1 0.821050 0.038823 0.022568 0.077646
1 0.992026 0.121606 0.013350 0.174111
1 0.821157 0.269297 0.022471 0.106719
1 0.845820 0.335342 0.011348 0.029355
1 0.982915 0.335146 0.034170 0.029668
1 0.992305 0.315864 0.013008 0.012861
2 0.127290 0.050869 0.022822 0.101738
2 0.127290 0.218330 0.022822 0.115762
2 0.214028 0.430269 0.022822 0.086143
2 0.214028 0.516021 0.022822 0.086143
2 0.213843 0.719282 0.022822 0.085439
1 0.824961 0.634033 0.030391 0.626855
1 0.834868 0.932974 0.049404 0.029561
1 0.768555 0.942412 0.086895 0.013926
1 0.606309 0.975000 0.014375 0.050000
1 0.423564 0.942456 0.401309 0.014756
1 0.213848 0.898057 0.022695 0.099434
2 0.213853 0.805068 0.022822 0.086152
1 0.506299 0.603789 0.607129 0.030430
1 0.214111 0.574766 0.022559 0.032539
