2 0.535200 0.941943 0.114365 0.021973
1 0.635229 0.052681 0.022549 0.061025
1 0.672383 0.214404 0.096855 0.013574
1 0.923291 0.074238 0.153418 0.014375
1 0.839814 0.110498 0.014121 0.220996
1 0.834185 0.214482 0.025811 0.013027
1 0.701182 0.334380 0.014219 0.226768
1 0.813584 0.454858 0.372832 0.014268
1 0.911904 0.941426 0.176191 0.023184
1 0.650669 0.941265 0.118779 0.023916
1 0.273647 0.941533 0.410576 0.022715
1 0.059663 0.934399 0.022021 0.037197
1 0.059570 0.867310 0.022266 0.102158
1 0.059585 0.592866 0.022393 0.219521
1 0.059604 0.326553 0.023037 0.142520
1 0.059521 0.052935 0.022754 0.062002
1 0.269873 0.012446 0.443848 0.024893
1 0.462173 0.029414 0.022725 0.014043
1 0.462354 0.235156 0.022949 0.198047
1 0.462207 0.509268 0.023047 0.180273
1 0.310215 0.594287 0.285039 0.013770
2 0.059116 0.139556 0.021416 0.113057
2 0.059043 0.225825 0.021426 0.059678
2 0.059268 0.440342 0.022090 0.086113
2 0.059365 0.759189 0.022285 0.114629
1 0.625776 0.012246 0.040791 0.024492
2 0.766577 0.941426 0.114365 0.021973
0 0.461841 0.376685 0.021865 0.084131
0 0.462378 0.085962 0.021865 0.099756
0 0.771094 0.214551 0.099219 0.015625
0 0.547056 0.012598 0.115068 0.025195
0 0.124810 0.594092 0.085928 0.015723
1 0.075122 0.594253 0.013818 0.013311
1 0.357021 0.573730 0.007285 0.030859
1 0.314707 0.562417 0.091914 0.008135
1 0.264624 0.451890 0.008350 0.271162
1 0.218643 0.451709 0.008125 0.271582
1 0.260640 0.309575 0.384580 0.014443
1 0.404780 0.289727 0.097451 0.007695
1 0.360405 0.294048 0.008955 0.016650
