1 0.468584 0.465923 0.121074 0.018818
1 0.148584 0.260845 0.297168 0.016982
1 0.070273 0.174253 0.017266 0.190713
1 0.156724 0.071904 0.313447 0.017559
1 0.156333 0.532056 0.312666 0.016514
1 0.612251 0.654849 0.016377 0.170479
1 0.648652 0.732568 0.702695 0.016895
1 0.305171 0.401768 0.015732 0.677324
1 0.790078 0.108691 0.016328 0.132656
1 0.547510 0.166929 0.501855 0.016553
1 0.756396 0.034028 0.487207 0.016553
1 0.206426 0.980581 0.412852 0.016904
1 0.404395 0.864482 0.016914 0.246504
1 0.655454 0.351675 0.689092 0.016357
1 0.537441 0.471411 0.015742 0.227725
1 0.574263 0.577397 0.091631 0.016865
