0 0.482900 0.796455 0.017031 0.085996
0 0.483018 0.600229 0.017031 0.101416
0 0.568262 0.294263 0.115625 0.032627
0 0.792241 0.096670 0.100049 0.016348
2 0.069727 0.211567 0.023828 0.136045
2 0.068745 0.799097 0.022256 0.086182
1 0.069043 0.124683 0.021289 0.035498
1 0.068896 0.053369 0.021582 0.106738
1 0.230215 0.071250 0.027363 0.142500
1 0.335269 0.128809 0.237471 0.027344
1 0.440049 0.071094 0.027051 0.142188
1 0.284668 0.293945 0.453125 0.028516
1 0.069214 0.371333 0.021924 0.126865
1 0.068701 0.681914 0.021973 0.148281
1 0.068701 0.978003 0.021387 0.043994
1 0.068994 0.898618 0.022363 0.113838
1 0.539844 0.984912 0.920312 0.030176
1 0.818735 0.467773 0.361104 0.029688
1 0.632153 0.293784 0.011885 0.028779
1 0.704219 0.096479 0.074883 0.012705
1 0.482910 0.428735 0.012695 0.241260
1 0.483003 0.702207 0.012646 0.101680
2 0.069331 0.564663 0.022256 0.085771
1 0.278076 0.735010 0.396777 0.018848
1 0.441934 0.909790 0.007695 0.121143
1 0.461602 0.852788 0.030957 0.007139
1 0.485669 0.913394 0.006885 0.113701
1 0.483154 0.848223 0.011719 0.016309
1 0.618403 0.850796 0.018838 0.238115
1 0.665493 0.738203 0.074678 0.013477
1 0.921362 0.096548 0.157275 0.012959
1 0.879687 0.044819 0.013477 0.089639
1 0.651812 0.241001 0.029482 0.482002
2 0.069375 0.478901 0.022266 0.085771
