2 0.058057 0.535200 0.021973 0.114365
1 0.947319 0.635229 0.061025 0.022549
1 0.785596 0.672383 0.013574 0.096855
1 0.925762 0.923291 0.014375 0.153418
1 0.889502 0.839814 0.220996 0.014121
1 0.785518 0.834185 0.013027 0.025811
1 0.665620 0.701182 0.226768 0.014219
1 0.545142 0.813584 0.014268 0.372832
1 0.058574 0.911904 0.023184 0.176191
1 0.058735 0.650669 0.023916 0.118779
1 0.058467 0.273647 0.022715 0.410576
1 0.065601 0.059663 0.037197 0.022021
1 0.132690 0.059570 0.102158 0.022266
1 0.407134 0.059585 0.219521 0.022393
1 0.673447 0.059604 0.142520 0.023037
1 0.947065 0.059521 0.062002 0.022754
1 0.987554 0.269873 0.024893 0.443848
1 0.970586 0.462173 0.014043 0.022725
1 0.764844 0.462354 0.198047 0.022949
1 0.490732 0.462207 0.180273 0.023047
1 0.405713 0.310215 0.013770 0.285039
2 0.860444 0.059116 0.113057 0.021416
2 0.774175 0.059043 0.059678 0.021426
2 0.559658 0.059268 0.086113 0.022090
2 0.240811 0.059365 0.114629 0.022285
1 0.987754 0.625776 0.024492 0.040791
2 0.058574 0.766577 0.021973 0.114365
0 0.623315 0.461841 0.084131 0.021865
0 0.914038 0.462378 0.099756 0.021865
0 0.785449 0.771094 0.015625 0.099219
0 0.987402 0.547056 0.025195 0.115068
0 0.405908 0.124810 0.015723 0.085928
1 0.405747 0.075122 0.013311 0.013818
1 0.426270 0.357021 0.030859 0.007285
1 0.437583 0.314707 0.008135 0.091914
1 0.548110 0.264624 0.271162 0.008350
1 0.548291 0.218643 0.271582 0.008125
1 0.690425 0.260640 0.014443 0.384580
1 0.710273 0.404780 0.007695 0.097451
1 0.705952 0.360405 0.016650 0.008955
