1 0.968462 0.254292 0.020576 0.094541
1 0.968271 0.075498 0.020859 0.104707
0 0.239209 0.823984 0.024980 0.099141
1 0.494277 0.996982 0.092383 0.006035
1 0.795112 0.996924 0.281064 0.006152
1 0.123687 0.250098 0.247373 0.038672
1 0.227783 0.366021 0.039160 0.270518
1 0.206743 0.517051 0.081553 0.038574
1 0.015864 0.516738 0.031729 0.037949
1 0.014111 0.383350 0.028223 0.234863
1 0.134424 0.721426 0.268848 0.037969
1 0.239888 0.755117 0.024346 0.035547
1 0.061353 0.988135 0.115869 0.023730
1 0.231338 0.988130 0.041660 0.023740
1 0.239404 0.925693 0.025098 0.101621
1 0.435981 0.868701 0.026455 0.262598
1 0.405518 0.721631 0.017109 0.037246
1 0.429985 0.712715 0.037510 0.055039
1 0.687251 0.781372 0.033896 0.013721
1 0.815430 0.033579 0.326563 0.020479
1 0.676919 0.818716 0.013428 0.088604
1 0.833726 0.781333 0.207549 0.013311
1 0.717285 0.720049 0.024805 0.135098
1 0.833135 0.513994 0.207129 0.012891
1 0.680181 0.513906 0.049717 0.012969
1 0.717363 0.522549 0.023984 0.030527
1 0.493647 0.513833 0.093232 0.012881
1 0.430024 0.310640 0.038115 0.492002
1 0.013672 0.033730 0.027344 0.020625
1 0.316631 0.033247 0.420645 0.020322
1 0.013955 0.054165 0.027910 0.026982
1 0.316567 0.054077 0.422158 0.026807
1 0.806133 0.054282 0.309531 0.026533
1 0.947832 0.084946 0.026133 0.087861
1 0.948013 0.254609 0.026494 0.095410
1 0.947861 0.644873 0.026387 0.436816
1 0.947554 0.970322 0.026572 0.059355
1 0.968164 0.970752 0.020117 0.058496
1 0.968242 0.644199 0.020332 0.436250
0 0.429697 0.621543 0.038965 0.128281
0 0.597886 0.513770 0.114971 0.013281
0 0.717373 0.594893 0.023613 0.113984
2 0.950308 0.901416 0.031611 0.077441
2 0.950859 0.363403 0.031816 0.125127
2 0.950435 0.167432 0.031494 0.079414
2 0.589961 0.051602 0.124062 0.031816
2 0.067080 0.052393 0.078398 0.029336
0 0.332524 0.721396 0.128896 0.036055
1 0.002246 0.869888 0.004492 0.260225
