0 0.396099 0.040044 0.085693 0.013193
0 0.101211 0.037461 0.100273 0.018711
0 0.024746 0.115415 0.029316 0.113818
0 0.182798 0.356968 0.014951 0.100693
0 0.034341 0.357275 0.014033 0.099473
2 0.228975 0.904912 0.060176 0.020742
2 0.315820 0.905146 0.113516 0.020742
2 0.517310 0.905234 0.117158 0.022559
2 0.633481 0.905483 0.114854 0.022686
1 0.867520 0.232773 0.022578 0.117852
1 0.867412 0.029897 0.022207 0.059795
1 0.024614 0.197471 0.029580 0.049063
1 0.182666 0.263271 0.014746 0.087676
1 0.316196 0.210840 0.278877 0.022461
1 0.450220 0.405103 0.014561 0.369775
1 0.413604 0.583105 0.087793 0.013770
1 0.376880 0.735791 0.014365 0.319238
1 0.416118 0.904746 0.088389 0.022539
1 0.767236 0.904658 0.153613 0.022578
1 0.860273 0.904761 0.036758 0.022021
1 0.867480 0.650923 0.022656 0.489561
1 0.182964 0.413179 0.014561 0.010771
1 0.115625 0.425947 0.148828 0.014297
1 0.043887 0.037075 0.013926 0.018604
1 0.024463 0.029292 0.030566 0.058584
1 0.346543 0.039668 0.013008 0.013008
1 0.319844 0.037368 0.043652 0.019248
1 0.337715 0.014551 0.008359 0.029102
1 0.302495 0.014727 0.009482 0.029277
1 0.225908 0.037222 0.149648 0.019502
1 0.536660 0.017529 0.013828 0.035059
1 0.528662 0.039927 0.180000 0.014072
1 0.118115 0.904722 0.162793 0.022920
1 0.028320 0.871650 0.022070 0.089121
1 0.020225 0.818276 0.039492 0.022881
1 0.034229 0.608594 0.014551 0.402344
1 0.034341 0.263701 0.014326 0.087559
1 0.019707 0.207007 0.039414 0.030107
2 0.867314 0.349116 0.021934 0.115459
2 0.867402 0.116099 0.022246 0.114385
