1 0.497686 0.054980 0.004922 0.109961
1 0.497778 0.235884 0.005127 0.150303
1 0.579004 0.249028 0.156641 0.004912
1 0.497549 0.384058 0.005449 0.044014
1 0.425625 0.366636 0.005156 0.060479
1 0.360010 0.394492 0.136426 0.004961
1 0.358091 0.242114 0.133760 0.004443
1 0.425742 0.234805 0.004219 0.102852
1 0.425815 0.083789 0.003779 0.098633
1 0.358228 0.089912 0.132861 0.004219
1 0.284292 0.304683 0.015752 0.609365
1 0.579873 0.421001 0.155410 0.014697
1 0.509946 0.459004 0.015596 0.090703
1 0.436299 0.496377 0.162949 0.014277
1 0.398706 0.563979 0.016455 0.120928
1 0.660708 0.728428 0.024150 0.015684
1 0.669331 0.766382 0.006260 0.060225
1 0.672788 0.793828 0.013799 0.005332
1 0.817075 0.793813 0.175029 0.005928
1 0.741943 0.805889 0.005957 0.017598
1 0.742261 0.924941 0.006592 0.121406
1 0.799658 0.910352 0.006543 0.063359
1 0.850342 0.939229 0.108496 0.006309
1 0.572031 0.936382 0.202148 0.012021
1 0.669116 0.912271 0.006533 0.037744
1 0.569688 0.897207 0.005781 0.065684
1 0.569482 0.779429 0.006152 0.086396
1 0.523765 0.728428 0.133193 0.015645
1 0.464619 0.860347 0.015117 0.279307
1 0.452056 0.868174 0.007607 0.263652
1 0.328789 0.861484 0.257402 0.008398
1 0.243149 0.728276 0.273096 0.015518
1 0.193604 0.838237 0.014551 0.235439
1 0.142773 0.962681 0.117578 0.015459
1 0.194136 0.973921 0.014912 0.006533
1 0.005908 0.860205 0.011816 0.279590
1 0.053613 0.728052 0.107227 0.015186
1 0.099561 0.717070 0.015527 0.006777
1 0.014951 0.962549 0.008945 0.015723
1 0.099458 0.588467 0.015537 0.136035
1 0.192305 0.612280 0.171641 0.007979
1 0.284478 0.632769 0.015635 0.049033
1 0.099736 0.331445 0.015879 0.191289
1 0.077437 0.243384 0.059619 0.016377
1 0.192266 0.239160 0.171523 0.007734
1 0.599360 0.523672 0.010244 0.081328
1 0.560210 0.488130 0.087803 0.010166
0 0.425986 0.017197 0.004355 0.034395
0 0.497578 0.336616 0.005234 0.051162
0 0.425581 0.311128 0.004502 0.050771
0 0.497705 0.135508 0.004785 0.050762
0 0.425635 0.158398 0.004355 0.050762
1 0.578711 0.090688 0.158789 0.004229
1 0.665024 0.318423 0.015576 0.636846
1 0.664990 0.678760 0.015332 0.084668
1 0.789077 0.630083 0.264092 0.017080
1 0.912207 0.668037 0.016797 0.093301
1 0.912373 0.823979 0.016035 0.070010
1 0.912905 0.955371 0.015674 0.089258
1 0.453403 0.728579 0.008174 0.015537
2 0.912305 0.770562 0.016406 0.036631
2 0.912231 0.733345 0.016846 0.037412
2 0.912744 0.884722 0.015527 0.052041
0 0.099370 0.685098 0.015576 0.056875
0 0.023926 0.243408 0.047852 0.016309
0 0.099463 0.473789 0.016309 0.093164
1 0.423823 0.618994 0.032939 0.011621
1 0.412373 0.564575 0.010664 0.121045
1 0.462886 0.509858 0.109756 0.010986
1 0.512588 0.564575 0.010352 0.119229
1 0.518862 0.741323 0.092529 0.008506
0 0.569673 0.843457 0.005967 0.041348
1 0.552446 0.906255 0.007256 0.048252
1 0.557729 0.885898 0.017549 0.006973
0 0.742241 0.992876 0.007002 0.014248
1 0.880820 0.922002 0.047168 0.009766
1 0.860488 0.926616 0.006504 0.018447
1 0.770898 0.936235 0.050156 0.014912
0 0.741909 0.839331 0.006416 0.049326
0 0.704482 0.793765 0.049609 0.005752
0 0.619375 0.728481 0.058301 0.015693
0 0.408330 0.728564 0.057129 0.015684
1 0.443042 0.728564 0.012295 0.015684
1 0.284043 0.716787 0.015723 0.007051
0 0.283774 0.685747 0.015186 0.058818
0 0.326274 0.495820 0.058584 0.015859
