2 0.443315 0.094219 0.059678 0.021328
2 0.531304 0.094229 0.117842 0.021348
2 0.090381 0.094941 0.136289 0.022246
1 0.946152 0.094844 0.107695 0.022832
1 0.669238 0.094941 0.103125 0.022812
1 0.605371 0.301245 0.029687 0.435791
1 0.605571 0.643052 0.029365 0.016768
1 0.767290 0.657017 0.074971 0.013506
1 0.715576 0.825444 0.030566 0.349111
1 0.365381 0.666021 0.730762 0.031592
1 0.011265 0.646797 0.022529 0.011953
1 0.147998 0.717891 0.013379 0.076563
1 0.147964 0.862671 0.012881 0.012998
1 0.012295 0.874771 0.024590 0.012881
1 0.958252 0.731978 0.083496 0.013779
1 0.400151 0.277090 0.028232 0.071406
1 0.286123 0.255610 0.256465 0.028721
1 0.172344 0.360776 0.029160 0.238936
1 0.286021 0.465850 0.256221 0.028379
1 0.011460 0.304731 0.022920 0.442295
1 0.177612 0.094810 0.036865 0.022100
1 0.303940 0.094873 0.220381 0.021973
1 0.373032 0.933789 0.014150 0.132422
1 0.252324 0.874868 0.255430 0.014463
1 0.923760 0.694678 0.014180 0.088770
1 0.918398 0.656748 0.024902 0.012793
1 0.966089 0.498901 0.067822 0.019248
1 0.725195 0.498975 0.213477 0.019629
0 0.011060 0.583296 0.022119 0.112881
0 0.074409 0.875127 0.099814 0.013789
0 0.148105 0.805986 0.012930 0.099395
0 0.855376 0.656909 0.101494 0.013330
0 0.605645 0.576709 0.029629 0.114863
0 0.882134 0.498687 0.100029 0.019307
2 0.749658 0.094375 0.060137 0.022344
2 0.835991 0.094321 0.112373 0.022666
