1 0.556641 0.543530 0.769531 0.037373
1 0.191177 0.670757 0.037764 0.292686
1 0.188184 0.486035 0.030859 0.081250
1 0.600610 0.052275 0.013018 0.075898
1 0.302715 0.240596 0.204687 0.019277
1 0.950459 0.248433 0.025059 0.140420
1 0.187598 0.165088 0.031250 0.330176
1 0.286055 0.993223 0.273926 0.013555
1 0.971958 0.762578 0.018506 0.474844
0 0.087549 0.993501 0.124336 0.012998
1 0.211406 0.001909 0.015098 0.003818
0 0.270239 0.001909 0.099912 0.003818
1 0.353437 0.001675 0.065000 0.003350
1 0.392246 0.044795 0.012617 0.089590
1 0.973018 0.248950 0.017305 0.141475
2 0.952896 0.485723 0.029717 0.082031
2 0.953193 0.381396 0.029121 0.125430
1 0.388325 0.804565 0.081748 0.026865
1 0.409810 0.689932 0.037412 0.255684
0 0.485381 0.993423 0.123867 0.013154
0 0.191406 0.901333 0.038379 0.168818
0 0.187451 0.387764 0.031543 0.114687
0 0.520464 0.343403 0.100303 0.012998
2 0.952212 0.138096 0.030400 0.077012
2 0.952236 0.049233 0.030352 0.098467
1 0.395259 0.170010 0.019600 0.160371
1 0.742412 0.993325 0.390957 0.013350
1 0.951440 0.762373 0.026221 0.475254
1 0.013213 0.993223 0.026426 0.013555
1 0.764326 0.188867 0.353184 0.019727
1 0.597612 0.143750 0.019814 0.108984
1 0.496377 0.099443 0.221758 0.019199
1 0.585430 0.343413 0.030098 0.012607
1 0.594321 0.273662 0.013428 0.152090
1 0.430615 0.343486 0.078809 0.013027
1 0.398164 0.300117 0.013066 0.099766
