1 0.523315 0.846704 0.022217 0.087861
0 0.030220 0.516450 0.060439 0.011338
2 0.789424 0.032275 0.023340 0.064551
2 0.789434 0.127705 0.022695 0.126113
2 0.616519 0.305679 0.130244 0.027314
2 0.719888 0.305889 0.075713 0.027344
2 0.525688 0.477466 0.027334 0.132373
2 0.525684 0.673301 0.027344 0.259062
2 0.031885 0.879487 0.063770 0.022256
1 0.143594 0.766182 0.036758 0.012070
1 0.131689 0.813931 0.012695 0.107061
1 0.276177 0.304116 0.552354 0.023506
1 0.779990 0.303867 0.043848 0.023613
1 0.789839 0.253276 0.023037 0.124795
1 0.079668 0.203042 0.011680 0.179678
1 0.043047 0.119585 0.084922 0.012705
1 0.790312 0.843579 0.021016 0.093115
1 0.299277 0.879268 0.470195 0.022227
1 0.168354 0.690137 0.012236 0.358594
1 0.117715 0.516455 0.114141 0.011230
1 0.523511 0.363887 0.022139 0.095117
