1 0.979336 0.546162 0.041328 0.010059
0 0.850537 0.780347 0.004355 0.050771
0 0.850537 0.659048 0.004355 0.050771
0 0.939434 0.679702 0.004355 0.050771
1 0.014526 0.291577 0.015967 0.084814
1 0.264014 0.256890 0.514160 0.015908
1 0.438394 0.393496 0.136357 0.007969
1 0.364121 0.369761 0.014531 0.079658
1 0.364082 0.700635 0.015273 0.495605
1 0.619946 0.940386 0.527393 0.015791
1 0.963594 0.491235 0.009922 0.119678
1 0.967676 0.559614 0.064648 0.015518
1 0.949883 0.499424 0.016602 0.135918
2 0.905674 0.940381 0.044082 0.015332
2 0.363896 0.307368 0.015273 0.044775
0 0.906719 0.329971 0.057129 0.008105
0 0.513423 0.330933 0.015576 0.056885
2 0.364399 0.431143 0.014912 0.043672
0 0.513496 0.443936 0.015781 0.057480
0 0.574595 0.723672 0.092607 0.015625
0 0.513618 0.571377 0.015732 0.064141
0 0.621245 0.516479 0.015752 0.057744
0 0.779219 0.516572 0.015547 0.056816
0 0.906685 0.559570 0.057588 0.015996
0 0.939609 0.860576 0.004355 0.050762
0 0.850586 0.901475 0.004355 0.050762
1 0.779268 0.548291 0.015762 0.006836
1 0.765693 0.559585 0.224160 0.015596
1 0.779346 0.459756 0.015527 0.056699
1 0.707568 0.439224 0.159277 0.016143
1 0.621289 0.368262 0.015625 0.238672
1 0.806592 0.256924 0.386816 0.015996
1 0.647344 0.750103 0.015723 0.396084
1 0.967710 0.329907 0.064580 0.007900
1 0.813257 0.330000 0.129639 0.008164
1 0.939453 0.613716 0.004180 0.080576
1 0.850630 0.603857 0.004189 0.060254
1 0.751807 0.692295 0.193066 0.004473
1 0.850547 0.719595 0.003984 0.070518
1 0.930176 0.747930 0.014375 0.015996
1 0.970898 0.752993 0.058203 0.004658
1 0.939570 0.770049 0.004199 0.129941
1 0.963887 0.940332 0.072227 0.015234
1 0.939404 0.909526 0.004199 0.046396
1 0.850615 0.929551 0.004043 0.005664
1 0.850601 0.840679 0.003877 0.070596
1 0.752051 0.813428 0.193750 0.004590
1 0.943022 0.016318 0.015713 0.032637
1 0.622725 0.016274 0.015527 0.032549
1 0.634380 0.559800 0.041807 0.015342
1 0.621152 0.556284 0.015332 0.022354
1 0.630420 0.723535 0.018906 0.015430
1 0.524751 0.723569 0.007178 0.015557
1 0.438525 0.727725 0.137012 0.007969
1 0.513613 0.667383 0.015723 0.127930
1 0.438525 0.498096 0.136426 0.008105
1 0.513604 0.505957 0.015723 0.066797
1 0.513604 0.387197 0.015098 0.056465
1 0.513447 0.275889 0.015723 0.054121
1 0.364082 0.267212 0.015723 0.036084
1 0.011265 0.326274 0.022490 0.015928
